2018-06-20
0,0,0,0,0,0
0,0,0,0,0,0
0,0,0,0,0,0
0,0,0,0,0,0
0,0,0,30,0,0
37,0,0,19,0,0
34,0,0,24,0,41
40,44,16,42,0,7
29,22,20,26,0,52
6,13,43,38,31,50
45,1,15,46,23,5
2,33,10,14,18,49
9,47,21,36,17,48
3,32,28,27,51,25
12,35,11,39,4,8
0,0,0,0,0,0
0,0,0,0,0,0
0,0,0,0,0,0
0,0,16,0,0,0
0,0,30,0,0,37
0,0,24,0,0,44
0,0,29,22,0,52
0,0,43,20,41,38
7,0,15,42,34,50
1,0,10,26,40,46
6,19,36,31,45,23
5,13,18,14,33,49
2,9,17,21,47,48
3,25,27,28,32,51
4,8,11,12,35,39
0,0,0,0,0,0
0,0,0,0,0,0
0,0,0,0,0,0
0,0,0,30,0,0
0,0,0,19,0,0
0,0,0,24,0,0
37,44,16,42,0,7
34,22,20,26,0,52
40,13,43,38,0,50
29,1,15,46,0,5
2,33,10,14,0,49
9,47,21,36,31,48
3,32,28,27,51,25
12,35,11,39,4,8
6,17,41,18,45,23
0,0,0,0,0,0
0,0,0,0,0,0
0,0,0,0,0,0
0,0,0,0,0,0
0,0,16,0,0,37
0,0,30,22,0,44
0,0,24,20,0,52
0,0,29,42,0,38
7,0,43,26,34,50
1,19,15,31,40,46
5,13,10,14,33,49
2,9,36,21,47,48
3,25,27,28,32,51
4,8,11,12,35,39
6,17,18,23,41,45
