2018-11-03
0,0,0,0,0,0
0,0,0,0,0,0
0,0,0,0,0,0
0,0,0,0,0,0
0,13,0,0,0,0
0,14,0,0,0,4
23,51,0,0,0,32
37,40,17,5,0,3
48,8,16,33,0,27
10,49,50,30,44,20
6,1,22,9,36,18
29,38,45,25,11,21
47,24,52,35,42,43
7,31,2,34,26,41
15,19,39,28,46,12
0,0,0,0,0,0
0,0,0,0,0,0
0,0,0,0,0,0
4,0,0,0,0,0
3,0,13,0,0,0
17,0,23,0,0,0
8,0,27,0,0,51
5,14,20,0,0,48
6,10,33,0,0,49
1,29,16,37,32,50
11,9,30,18,40,38
21,24,22,36,44,45
31,35,25,43,47,52
2,7,42,26,34,41
12,15,19,28,39,46
0,0,0,0,0,0
0,0,0,0,0,0
0,0,0,0,0,0
0,13,0,0,0,0
0,14,0,0,0,0
23,51,0,0,0,0
37,40,17,0,0,0
48,8,16,5,0,0
10,49,50,33,0,32
6,1,22,30,44,27
29,38,45,9,11,20
47,24,52,25,42,18
7,31,2,35,26,21
15,19,39,28,46,41
34,3,4,36,12,43
0,0,0,0,0,0
0,0,0,0,0,0
0,0,0,0,0,0
0,0,13,0,0,0
0,0,23,0,0,0
17,0,27,0,0,51
8,14,20,0,0,48
5,10,33,0,0,49
6,29,16,0,0,50
1,9,30,0,32,38
11,24,22,37,40,45
21,35,25,18,44,52
31,7,42,26,47,41
2,15,19,28,39,46
3,4,12,34,36,43
