2018-12-05
0,0,0,0,0,0
0,0,0,0,0,0
0,13,0,0,0,0
0,14,0,0,0,0
23,51,0,0,0,0
37,49,0,0,0,0
10,38,17,0,0,0
6,24,16,0,0,0
15,40,45,30,0,0
12,52,4,36,44,20
31,43,3,18,26,41
32,46,42,35,48,27
19,25,1,2,50,8
39,11,28,29,7,34
9,5,21,22,47,33
0,0,0,0,0,0
0,0,0,0,0,0
0,0,0,0,0,0
0,0,0,0,0,0
0,14,0,0,0,0
0,10,13,0,0,51
0,24,23,37,0,49
0,15,20,26,0,38
0,4,16,27,0,45
17,3,30,35,44,41
6,31,18,43,36,52
2,8,12,42,40,48
1,19,32,29,46,50
7,11,25,28,34,39
5,9,21,22,33,47
0,0,0,0,0,0
0,0,0,0,0,0
0,13,0,0,0,0
0,14,0,0,0,0
0,51,0,0,0,0
37,49,0,0,0,0
10,24,17,0,0,0
6,40,16,0,0,0
15,52,45,0,44,20
31,43,3,30,26,41
32,46,42,36,48,27
19,25,1,18,50,8
39,11,28,35,7,34
9,5,21,2,47,33
12,38,4,23,29,22
0,0,0,0,0,0
0,0,0,0,0,0
0,0,0,0,0,0
0,0,0,0,0,0
0,14,0,0,0,0
0,10,0,0,0,51
0,24,13,0,0,49
0,15,20,37,0,45
17,3,16,26,44,41
6,31,30,27,36,52
2,8,18,35,40,48
1,19,32,43,46,50
7,11,25,42,34,39
5,9,21,28,33,47
4,12,22,23,29,38
