2019-01-05
0,0,0,0,0,0
0,0,0,0,0,0
0,0,0,0,0,0
0,0,0,0,0,0
0,0,0,30,0,0
0,0,0,36,0,41
32,49,0,18,0,33
19,24,0,35,0,22
39,40,45,23,0,15
9,5,42,37,7,11
12,38,28,14,47,51
26,44,4,6,16,17
50,25,2,10,31,8
20,1,43,34,3,13
27,21,29,52,48,46
0,0,0,0,0,0
0,0,0,0,0,0
0,0,0,0,0,0
0,0,0,0,0,0
0,0,0,0,0,0
0,24,0,0,0,49
0,19,0,35,0,45
0,9,30,42,36,41
7,12,18,28,40,39
5,16,32,23,33,47
4,14,22,26,15,37
2,6,17,38,44,51
11,8,10,31,25,50
1,3,13,20,34,43
21,27,29,46,48,52
0,0,0,0,0,0
0,0,0,0,0,0
0,0,0,0,0,0
0,0,0,0,0,0
0,0,0,0,0,41
0,0,0,30,0,33
0,49,0,36,0,22
0,24,45,18,0,15
32,40,42,35,7,11
39,5,28,23,47,51
9,38,4,37,16,17
12,44,2,10,31,8
26,1,43,34,3,13
27,21,29,52,48,46
6,14,50,20,25,19
0,0,0,0,0,0
0,0,0,0,0,0
0,0,0,0,0,0
0,0,0,0,0,0
0,0,0,0,0,0
0,0,0,0,0,49
0,0,30,35,0,45
7,24,18,42,36,41
5,9,32,28,40,39
4,12,22,23,33,47
2,16,17,26,15,37
11,8,10,38,44,51
1,3,13,31,34,43
21,27,29,46,48,52
6,14,19,20,25,50
