2019-06-15
0,0,0,0,0,0
0,0,0,0,0,0
0,0,0,0,0,0
0,0,0,0,0,0
12,26,0,0,0,0
41,44,0,0,0,0
34,5,28,0,0,0
3,25,31,0,0,40
52,23,4,48,0,47
19,33,15,14,8,13
27,50,11,17,6,36
35,2,29,10,39,18
42,24,1,20,49,32
38,45,51,9,37,30
16,7,22,21,46,43
0,0,0,0,0,0
0,0,0,0,0,0
0,0,0,0,0,0
0,0,0,0,0,0
0,0,0,0,0,0
0,0,0,0,0,48
4,14,12,0,0,47
3,5,26,41,0,44
11,8,17,28,40,34
10,6,23,25,31,52
20,13,15,29,33,39
2,18,19,36,49,50
1,24,27,32,35,42
9,30,37,38,45,51
7,16,21,22,43,46
0,0,0,0,0,0
0,0,0,0,0,0
0,0,0,0,0,0
0,0,0,0,0,0
0,26,0,0,0,0
12,44,0,0,0,0
41,5,28,0,0,0
3,25,31,0,0,40
52,23,4,14,8,47
19,33,15,17,6,36
27,2,11,10,39,18
35,24,29,20,49,32
38,45,1,9,37,30
16,7,22,21,46,43
42,34,51,13,50,48
0,0,0,0,0,0
0,0,0,0,0,0
0,0,0,0,0,0
0,0,0,0,0,0
0,0,0,0,0,0
4,0,12,0,0,0
3,14,26,41,0,0
11,5,17,28,40,0
10,8,23,25,31,0
20,6,15,29,33,47
2,18,19,36,49,44
1,24,27,32,35,52
9,30,37,38,45,39
7,16,21,22,43,46
13,34,42,48,50,51
