2019-07-03
0,0,0,0,0,0
0,0,0,0,0,0
0,0,0,0,0,0
0,26,0,0,0,0
0,25,0,0,0,0
0,23,0,0,0,0
3,33,31,0,0,47
19,2,11,0,0,18
27,24,29,0,6,32
38,7,1,9,46,30
16,34,51,13,50,48
42,10,41,5,28,40
15,36,52,20,17,37
44,8,22,4,49,35
12,43,39,14,45,21
0,0,0,0,0,0
0,0,0,0,0,0
0,0,0,0,0,0
0,0,0,0,0,0
3,0,0,0,0,0
11,6,0,0,0,0
2,18,0,25,0,0
1,24,26,29,0,0
9,30,23,32,31,47
7,16,19,38,33,46
13,34,27,48,50,51
5,10,28,40,41,42
15,17,20,36,37,52
4,8,22,35,44,49
12,14,21,39,43,45
0,0,0,0,0,0
0,0,0,0,0,0
0,0,0,0,0,0
0,0,0,0,0,0
0,26,0,0,0,0
0,23,31,0,0,47
3,33,11,0,0,18
19,2,29,0,0,32
27,24,1,0,0,30
38,7,51,9,6,48
16,34,41,5,46,40
15,10,52,20,50,37
44,36,22,4,17,35
12,43,39,14,45,21
8,13,49,25,42,28
0,0,0,0,0,0
0,0,0,0,0,0
0,0,0,0,0,0
0,0,0,0,0,0
3,0,0,0,0,0
11,6,0,0,0,0
2,18,0,29,0,0
1,24,26,32,31,0
9,30,23,38,33,0
7,16,19,48,50,47
5,34,27,40,41,46
15,10,20,36,37,51
4,17,22,35,44,52
12,14,21,39,43,45
8,13,25,28,42,49
