2019-11-30
0,0,0,0,0,0
0,0,0,0,0,0
0,0,0,0,0,0
0,0,0,24,0,0
0,0,0,21,0,0
0,0,39,47,0,0
48,20,15,31,0,0
46,25,3,12,0,37
29,34,38,28,0,6
10,11,35,52,0,23
36,17,41,22,0,9
30,43,51,19,27,2
13,44,45,32,16,50
40,18,14,8,5,4
33,1,26,7,42,49
0,0,0,0,0,0
0,0,0,0,0,0
0,0,0,0,0,0
0,0,0,0,0,0
0,0,0,0,0,0
0,0,0,37,0,39
20,0,0,29,0,48
15,24,0,34,47,46
3,25,21,27,38,31
11,10,12,35,28,36
6,17,23,22,41,52
9,13,30,16,19,43
2,32,40,44,45,51
4,5,8,14,18,50
1,7,26,33,42,49
0,0,0,0,0,0
0,0,0,0,0,0
0,0,0,0,0,0
0,0,0,0,0,0
0,0,0,21,0,0
0,20,39,47,0,0
48,25,15,31,0,37
46,34,3,12,0,6
29,11,38,28,0,23
10,17,41,52,0,9
36,43,51,22,0,2
30,44,45,19,0,50
40,18,14,8,5,4
33,1,26,7,42,49
16,35,13,32,24,27
0,0,0,0,0,0
0,0,0,0,0,0
0,0,0,0,0,0
0,0,0,0,0,0
0,0,0,0,0,39
20,0,0,0,0,48
15,0,0,0,47,46
3,0,21,37,38,31
11,0,12,29,28,36
6,25,23,34,41,52
9,10,30,22,19,43
2,17,40,44,45,51
4,5,8,14,18,50
1,7,26,33,42,49
13,16,24,27,32,35
