2020-05-06
0,0,0,0,0,0
0,0,0,0,0,0
0,0,0,0,0,0
0,0,0,0,0,0
28,0,0,0,0,0
46,0,0,36,0,0
23,0,16,51,0,0
30,0,10,11,0,21
29,24,2,1,3,6
13,25,44,4,19,41
35,45,14,52,22,17
15,20,26,49,40,32
48,5,9,34,47,18
33,39,50,8,43,7
37,38,42,12,31,27
0,0,0,0,0,0
0,0,0,0,0,0
0,0,0,0,0,0
0,0,0,0,0,0
0,0,0,0,0,0
6,21,0,0,0,0
3,16,0,0,0,46
2,23,41,0,28,51
11,24,10,17,19,44
1,25,29,30,36,45
4,13,35,32,22,52
9,15,14,20,40,49
5,7,26,34,47,48
8,33,18,39,43,50
12,27,31,37,38,42
0,0,0,0,0,0
0,0,0,0,0,0
0,0,0,0,0,0
0,0,0,0,0,0
0,0,0,0,0,0
28,0,16,36,0,0
46,0,10,51,0,21
23,0,2,11,3,6
30,0,44,1,19,41
29,0,14,52,22,17
13,24,26,49,40,32
35,45,9,34,47,18
48,20,50,8,43,7
37,38,42,12,31,27
5,15,39,33,4,25
0,0,0,0,0,0
0,0,0,0,0,0
0,0,0,0,0,0
0,0,0,0,0,0
0,0,0,0,0,0
0,0,0,0,0,46
6,0,41,0,28,51
3,21,10,0,19,44
2,16,29,17,36,45
11,23,35,30,22,52
1,24,14,32,40,49
9,13,26,20,47,48
8,7,18,34,43,50
12,27,31,37,38,42
4,5,15,25,33,39
