2020-05-20
0,0,0,0,0,0
0,0,0,0,0,0
0,0,0,0,0,0
0,0,0,0,0,0
0,0,0,36,0,0
28,0,0,51,0,0
46,0,0,11,19,0
30,0,0,1,22,6
13,45,2,52,47,17
48,20,14,49,43,32
37,38,26,34,31,18
5,15,39,8,4,7
44,40,9,12,16,25
33,27,23,35,42,24
29,50,41,10,3,21
0,0,0,0,0,0
0,0,0,0,0,0
0,0,0,0,0,0
0,0,0,0,0,0
0,0,0,0,0,0
6,0,0,0,28,46
2,0,0,17,19,51
11,0,0,30,36,45
1,0,14,32,22,52
8,13,26,20,47,49
12,7,18,34,43,48
4,5,31,37,38,39
9,16,15,25,40,44
23,24,27,33,35,42
3,10,21,29,41,50
0,0,0,0,0,0
0,0,0,0,0,0
0,0,0,0,0,0
0,0,0,36,0,0
0,0,0,51,0,0
0,0,0,11,0,0
28,0,0,1,0,0
46,0,2,52,19,6
30,45,14,49,22,17
13,20,26,34,47,32
48,38,39,8,43,18
44,15,9,12,31,25
33,40,23,35,16,24
29,50,41,10,42,21
4,27,37,5,3,7
0,0,0,0,0,0
0,0,0,0,0,0
0,0,0,0,0,0
0,0,0,0,0,0
0,0,0,0,28,46
0,0,0,0,19,51
6,0,0,17,36,45
2,0,0,30,22,52
11,0,14,32,47,49
1,0,26,20,43,48
8,13,18,34,38,39
12,16,31,25,40,44
9,24,15,33,35,42
23,10,21,29,41,50
3,4,5,7,27,37
