2005-12-24
0,0,0,0,0,0
0,0,0,0,0,0
0,0,0,0,0,0
0,0,0,0,0,0
0,0,0,0,33,0
0,0,0,0,26,0
0,0,17,0,24,0
6,0,41,29,7,0
2,14,44,12,11,0
9,10,45,19,15,28
1,16,35,27,46,20
32,42,36,5,31,13
43,18,4,30,48,47
34,37,38,23,8,49
22,3,25,40,21,39
0,0,0,0,0,0
0,0,0,0,0,0
0,0,0,0,0,0
0,0,0,0,0,0
17,0,0,0,0,0
6,0,0,0,0,0
15,14,29,0,0,0
2,7,12,0,33,0
20,10,11,0,26,24
9,13,28,0,41,46
19,27,16,35,44,42
1,5,36,31,45,48
4,30,18,38,32,47
8,23,37,34,43,49
3,21,22,25,39,40
0,0,0,0,0,0
0,0,0,0,0,0
0,0,0,0,0,0
0,0,0,0,0,0
0,0,0,0,33,0
0,0,17,0,26,0
6,0,41,0,24,0
2,14,44,0,7,0
9,10,45,12,11,0
1,16,35,19,15,0
32,42,36,5,46,28
43,18,4,30,31,20
34,37,38,23,48,47
22,3,25,40,8,49
13,39,21,29,51,27
0,0,0,0,0,0
0,0,0,0,0,0
0,0,0,0,0,0
17,0,0,0,0,0
6,0,0,0,0,0
15,0,0,0,0,0
2,0,12,0,0,0
20,0,11,0,33,24
9,14,28,0,26,46
19,7,16,35,41,42
1,10,36,31,44,48
4,5,18,38,45,47
8,30,37,34,32,49
3,23,22,25,43,40
13,21,27,29,39,51
