2006-09-13
0,0,0,0,0,0
0,0,0,0,0,0
0,0,0,0,0,0
0,0,0,0,0,0
0,0,0,0,0,4
0,0,0,51,0,20
0,0,13,54,33,14
0,49,34,1,53,27
17,42,45,43,47,46
22,31,40,6,39,11
3,25,10,18,8,50
41,21,48,44,23,19
24,15,5,2,38,30
52,28,35,9,26,12
36,16,7,29,32,37
0,0,0,0,0,0
0,0,0,0,0,0
0,0,0,0,0,0
4,0,0,0,0,0
14,0,0,0,0,0
22,0,33,0,0,51
1,0,20,0,0,53
3,0,27,34,49,54
6,0,10,45,43,47
8,13,18,40,42,46
23,17,31,39,50,48
5,11,25,24,41,44
2,19,21,30,38,52
9,12,15,26,28,35
7,16,29,32,36,37
0,0,0,0,0,0
0,0,0,0,0,0
0,0,0,0,0,0
0,0,0,0,0,0
0,0,0,0,0,0
0,0,0,51,33,4
0,0,13,54,53,20
0,49,34,1,47,14
17,42,45,43,39,27
22,31,40,6,8,46
3,25,10,18,23,11
24,21,48,44,38,19
52,15,35,2,26,30
36,16,7,29,32,37
12,28,5,41,50,9
0,0,0,0,0,0
0,0,0,0,0,0
0,0,0,0,0,0
0,0,0,0,0,0
4,0,33,0,0,51
14,0,20,0,0,53
22,0,27,34,0,54
1,0,10,45,0,47
3,0,18,40,0,46
6,13,31,39,49,48
8,17,25,24,43,44
23,11,21,30,42,52
2,19,15,26,38,35
7,16,29,32,36,37
5,9,12,28,41,50
