2006-09-16
0,0,0,0,0,0
0,0,0,0,0,0
0,0,0,0,0,0
0,0,0,0,0,0
0,0,0,0,0,0
0,0,0,51,33,4
0,0,13,54,53,20
0,49,34,1,47,14
17,42,45,43,39,27
22,31,40,6,8,46
3,25,10,18,23,11
24,21,48,44,38,19
52,15,35,2,26,30
36,16,7,29,32,37
12,28,5,41,50,9
0,0,0,0,0,0
0,0,0,0,0,0
0,0,0,0,0,0
0,0,0,0,0,0
4,0,33,0,0,51
14,0,20,0,0,53
22,0,27,34,0,54
1,0,10,45,0,47
3,0,18,40,0,46
6,13,31,39,49,48
8,17,25,24,43,44
23,11,21,30,42,52
2,19,15,26,38,35
7,16,29,32,36,37
5,9,12,28,41,50
0,0,0,0,0,0
0,0,0,0,0,0
0,0,0,0,0,0
0,0,0,0,0,0
0,0,0,51,0,0
0,0,0,54,0,0
0,49,13,1,0,4
17,42,45,43,33,20
22,31,40,6,47,46
3,25,10,18,39,11
24,21,48,44,8,19
52,15,35,2,26,30
36,16,7,29,32,37
12,28,5,41,50,9
34,38,14,23,27,53
0,0,0,0,0,0
0,0,0,0,0,0
0,0,0,0,0,0
0,0,0,0,0,0
0,0,33,0,0,51
4,0,20,0,0,54
22,0,10,45,0,47
1,0,18,40,0,46
3,13,31,39,0,48
6,17,25,24,49,44
8,11,21,30,43,52
2,19,15,26,42,35
7,16,29,32,36,37
5,9,12,28,41,50
14,23,27,34,38,53
