2007-06-13
0,0,0,0,0,0
0,0,0,0,0,0
0,0,0,0,0,0
0,0,0,0,0,0
0,0,0,0,0,0
0,0,0,0,7,31
0,2,53,0,20,9
47,26,3,35,39,29
41,42,44,18,15,24
5,11,25,13,43,12
49,45,22,52,38,4
30,28,8,46,33,10
50,1,27,48,14,16
34,17,36,40,51,23
54,6,19,21,32,37
0,0,0,0,0,0
0,0,0,0,0,0
0,0,0,0,0,0
0,0,0,0,0,0
0,0,0,0,0,47
2,7,0,0,0,53
20,9,0,0,0,44
3,29,31,42,0,49
5,15,35,30,39,43
12,11,24,22,41,45
13,18,25,38,26,52
4,10,28,33,50,46
8,14,16,27,34,48
1,17,23,36,40,51
6,19,21,32,37,54
0,0,0,0,0,0
0,0,0,0,0,0
0,0,0,0,0,0
0,0,0,0,0,0
0,0,0,0,0,31
0,0,0,0,7,9
0,0,0,35,20,29
47,2,53,18,39,24
41,26,3,13,15,12
5,42,44,52,43,4
49,11,8,46,38,10
50,28,27,48,33,16
34,1,36,40,51,23
54,17,19,21,32,37
22,30,6,14,45,25
0,0,0,0,0,0
0,0,0,0,0,0
0,0,0,0,0,0
0,0,0,0,0,0
0,0,0,0,0,47
2,7,0,0,0,53
20,9,0,0,0,44
3,29,31,0,39,49
5,15,35,42,41,43
12,11,24,38,26,52
13,18,28,33,50,46
4,10,16,27,34,48
8,17,23,36,40,51
1,19,21,32,37,54
6,14,22,25,30,45
