2008-02-13
0,0,0,0,0,0
0,0,0,0,0,0
0,0,0,0,0,0
0,0,0,53,0,0
0,0,14,31,0,0
0,18,38,50,0,0
0,48,27,52,0,0
0,45,34,54,0,0
44,40,42,32,43,20
29,51,26,9,7,19
12,22,6,39,49,33
30,37,2,13,47,11
28,4,23,36,5,8
16,1,46,25,24,3
17,35,21,41,15,10
0,0,0,0,0,0
0,0,0,0,0,0
0,0,0,0,0,53
0,0,0,0,0,50
0,0,0,0,0,52
0,0,0,0,44,45
14,0,0,0,27,49
18,29,0,38,48,47
20,7,0,43,40,54
9,12,31,34,42,51
6,19,11,32,30,33
2,5,13,22,39,37
4,8,23,24,26,36
1,3,16,25,28,46
10,15,17,21,35,41
0,0,0,0,0,0
0,0,0,0,0,0
0,0,0,0,0,0
0,0,0,53,0,0
0,0,0,31,0,0
0,18,14,50,0,0
0,48,38,52,0,0
44,45,27,54,43,0
29,40,34,32,7,0
12,51,26,9,49,20
30,22,6,39,47,19
28,37,2,13,5,33
16,4,23,36,24,11
17,35,21,25,15,3
8,10,41,1,42,46
0,0,0,0,0,0
0,0,0,0,0,0
0,0,0,0,0,0
0,0,0,0,0,53
0,0,0,0,0,50
0,0,0,0,44,52
0,0,0,38,27,45
14,29,0,43,48,49
18,7,31,34,40,47
20,12,11,32,30,54
9,19,13,22,39,51
6,5,23,24,26,33
2,3,16,25,28,37
4,15,17,21,35,36
1,8,10,41,42,46
