2008-08-13
0,0,0,0,0,0
0,0,0,0,0,0
0,0,0,0,0,0
0,0,0,0,0,0
0,0,0,0,0,0
38,0,45,0,0,53
35,0,15,22,33,25
27,0,42,24,10,28
21,0,50,9,8,5
19,16,48,36,51,2
34,41,47,31,39,20
14,44,18,3,30,49
13,54,37,29,11,1
4,43,23,32,46,52
12,17,7,26,6,40
0,0,0,0,0,0
0,0,0,0,0,0
0,0,0,0,0,0
0,0,0,0,45,0
0,0,0,0,33,0
0,0,0,0,24,0
0,25,28,0,48,53
15,22,10,0,41,38
5,16,35,42,44,50
2,9,27,36,51,54
19,8,21,34,39,47
3,20,31,18,30,49
1,11,14,13,29,37
4,23,32,43,46,52
6,7,12,17,26,40
0,0,0,0,0,0
0,0,0,0,0,0
0,0,0,0,0,0
0,0,0,0,0,0
0,0,0,0,0,0
38,0,45,0,0,53
35,0,15,0,33,28
27,0,42,22,8,5
21,16,48,24,51,2
19,41,47,9,39,20
34,44,18,36,30,49
13,54,37,31,11,1
4,43,23,3,46,52
12,17,7,32,6,40
26,29,10,14,25,50
0,0,0,0,0,0
0,0,0,0,0,0
0,0,0,0,0,0
0,0,0,0,0,0
0,0,0,0,45,0
0,0,0,0,33,0
15,22,0,0,24,53
5,16,28,42,48,38
2,9,35,36,41,54
19,8,27,34,44,47
3,20,21,18,51,49
1,11,31,13,39,37
4,23,32,43,30,52
6,7,12,17,46,40
10,14,25,26,29,50
