2009-03-04
0,0,0,0,0,0
0,0,0,0,0,0
0,0,0,0,0,0
0,0,0,0,4,0
0,0,0,0,51,0
0,0,10,0,43,0
54,0,25,0,48,0
5,2,44,0,47,53
1,8,32,33,15,50
39,31,29,40,13,21
30,17,22,16,20,52
27,42,46,6,23,49
7,11,3,9,35,34
36,28,19,41,37,14
18,12,38,24,45,26
0,0,0,0,0,0
0,0,0,0,0,0
0,0,0,0,0,0
4,0,0,0,0,0
2,0,0,0,0,0
8,0,0,0,0,53
1,10,0,43,0,54
15,5,0,31,51,48
13,21,0,39,47,50
16,20,25,30,40,52
7,17,33,27,44,42
6,11,22,23,32,49
3,9,35,34,29,37
14,19,28,36,46,41
12,18,24,26,38,45
0,0,0,0,0,0
0,0,0,0,0,0
0,0,0,0,0,0
0,0,0,0,0,0
0,0,10,0,4,0
0,0,25,0,51,0
0,2,44,0,43,0
0,8,32,33,48,53
54,31,29,40,47,21
39,17,22,16,13,52
30,42,46,6,20,49
27,11,3,9,35,34
7,28,19,41,37,14
18,12,38,24,45,26
36,15,1,5,50,23
0,0,0,0,0,0
0,0,0,0,0,0
0,0,0,0,0,0
0,0,0,0,0,0
4,0,0,0,0,0
2,0,0,0,0,53
8,10,0,0,51,54
13,21,0,43,47,48
16,20,25,31,40,52
7,17,33,39,44,42
6,11,22,30,32,49
3,9,35,27,29,37
14,19,28,34,46,41
12,18,24,26,38,45
1,5,15,23,36,50
