2009-09-16
0,0,0,0,0,0
0,0,0,0,0,0
0,0,0,0,0,0
54,0,0,0,0,0
39,0,49,0,40,0
27,0,17,0,6,0
8,0,10,0,3,0
47,0,36,0,23,53
51,0,14,44,33,35
32,0,7,50,21,52
2,38,43,4,25,45
19,37,13,22,28,34
1,5,16,11,41,42
26,31,46,9,18,20
15,48,29,12,30,24
0,0,0,0,0,0
0,0,0,0,0,0
0,0,0,0,0,54
0,0,0,0,0,49
0,0,0,0,0,35
0,0,27,0,0,44
0,0,17,0,0,36
8,0,23,39,47,50
3,0,14,40,51,52
21,6,7,38,33,45
2,10,19,32,37,34
13,4,22,28,25,43
1,5,11,16,41,42
9,18,20,26,31,46
12,15,24,29,30,48
0,0,0,0,0,0
0,0,0,0,0,0
0,0,0,0,0,0
0,0,0,0,40,0
54,0,49,0,6,0
39,0,10,0,3,0
27,0,36,0,23,53
47,0,14,0,33,35
51,0,7,0,21,52
2,0,43,44,25,45
19,38,13,50,28,34
1,37,16,4,41,42
26,31,46,11,18,20
15,48,29,12,30,24
9,5,32,22,8,17
0,0,0,0,0,0
0,0,0,0,0,54
0,0,0,0,0,49
0,0,0,0,0,35
0,0,0,0,0,44
0,0,0,0,0,36
0,0,27,0,47,50
0,0,23,39,51,52
3,0,14,40,33,45
21,6,7,38,37,34
2,10,19,28,25,43
13,4,11,16,41,42
1,18,20,26,31,46
12,15,24,29,30,48
5,8,9,17,22,32
