2010-07-07
0,0,0,0,0,0
0,0,0,0,0,0
0,0,0,0,0,0
54,0,0,0,0,0
42,0,0,0,0,0
14,26,0,0,0,53
35,24,0,0,0,11
41,43,0,4,0,27
3,22,40,28,36,19
12,44,49,23,7,30
34,46,16,39,17,8
5,31,38,21,13,9
25,18,15,29,47,33
37,1,32,10,45,48
51,20,52,50,6,2
0,0,0,0,0,0
0,0,0,0,0,0
0,0,0,0,0,0
0,0,0,0,0,0
0,0,0,26,0,0
0,14,0,35,0,0
4,11,24,36,0,0
3,17,27,43,41,0
7,30,28,22,40,0
12,13,19,39,23,0
8,9,16,34,44,42
5,31,33,21,46,49
15,18,25,29,38,47
1,10,32,37,48,45
2,6,20,50,51,52
0,0,0,0,0,0
0,0,0,0,0,0
0,0,0,0,0,0
0,0,0,0,0,0
0,26,0,0,0,0
54,24,0,0,0,53
42,43,0,0,0,11
14,22,40,0,36,27
41,44,49,4,7,19
12,46,16,23,17,30
34,31,38,39,13,8
5,18,15,29,47,33
37,1,32,10,45,48
51,20,52,50,6,2
28,35,25,9,3,21
0,0,0,0,0,0
0,0,0,0,0,0
0,0,0,0,0,0
0,0,0,0,0,0
0,0,0,0,0,0
0,14,0,26,0,0
4,11,0,36,41,0
7,17,24,43,40,0
12,30,27,22,23,0
8,13,19,39,44,42
5,31,16,34,46,49
15,18,33,29,38,47
1,10,32,37,48,45
2,6,20,50,51,52
3,9,21,25,28,35
