2018-08-02
0,0,0,0,0
0,0,0,0,0
0,0,0,0,0
0,0,0,5,0
0,0,0,30,0
13,0,25,39,0
38,0,28,45,0
1,0,36,19,0
29,43,6,26,0
40,11,31,3,44
27,22,9,41,33
8,17,14,32,12
42,7,2,23,15
10,37,18,35,24
34,21,20,16,4
0,0,0,0,0
0,0,0,0,0
0,0,0,0,0
0,0,0,0,0
0,13,0,0,0
0,5,0,30,44
0,33,0,39,43
0,19,25,28,45
0,6,36,29,40
1,22,38,26,41
11,9,27,31,32
3,8,12,14,17
2,7,15,23,42
10,18,24,35,37
4,16,20,21,34
0,0,0,0,0
0,0,0,0,0
0,0,0,0,0
0,0,0,0,0
13,0,25,0,0
38,0,28,30,0
1,0,36,39,0
29,0,6,45,0
40,43,31,19,0
27,11,9,41,44
8,22,14,32,33
42,17,2,23,12
10,37,18,35,15
34,21,20,16,4
3,5,7,26,24
0,0,0,0,0
0,0,0,0,0
0,0,0,0,0
0,0,0,0,0
0,0,0,0,44
0,13,0,30,43
0,33,0,39,45
0,19,25,28,40
0,6,36,29,41
1,22,38,31,32
11,9,27,14,17
2,8,12,23,42
10,18,15,35,37
4,16,20,21,34
3,5,7,24,26
