2018-11-06
0,0,0,0,0
0,0,0,0,0
0,0,0,0,0
0,0,0,0,0
0,0,0,21,0
0,0,0,44,27
0,0,35,43,4
26,0,34,30,41
19,25,6,5,12
18,16,39,15,10
3,37,36,31,9
40,2,28,7,42
24,22,17,20,14
33,45,1,29,13
32,23,8,11,38
0,0,0,0,0
0,0,0,0,0
0,0,0,0,0
0,0,0,0,0
0,0,0,0,0
0,0,34,26,0
6,0,27,44,35
4,0,19,30,39
5,21,25,37,43
2,3,18,12,36
9,10,16,17,41
7,22,28,40,31
14,20,15,24,42
1,13,29,33,45
8,11,23,32,38
0,0,0,0,0
0,0,0,0,0
0,0,0,0,0
0,0,0,21,0
0,0,0,44,0
0,0,0,43,0
0,0,35,30,0
26,25,34,5,4
19,16,6,15,41
18,37,39,31,10
3,2,36,7,9
40,22,28,20,42
24,45,17,29,14
32,23,1,11,38
27,8,13,12,33
0,0,0,0,0
0,0,0,0,0
0,0,0,0,0
0,0,0,0,0
0,0,0,0,0
0,0,34,0,35
6,0,19,26,39
4,0,25,44,43
5,21,18,30,36
2,3,16,37,41
9,10,28,17,31
7,22,15,40,42
14,20,29,24,45
1,11,23,32,38
8,12,13,27,33
