2019-02-19
0,0,0,0,0
0,0,0,0,0
0,0,0,0,0
0,27,0,0,0
0,29,0,0,43
0,33,0,0,28
0,3,0,2,22
0,30,0,1,5
23,20,0,6,9
11,12,45,35,14
31,37,41,42,17
13,4,36,34,40
16,44,19,10,25
8,32,39,18,38
24,15,7,26,21
0,0,0,0,0
0,0,0,0,0
0,0,0,0,0
27,0,0,0,0
2,0,0,0,0
1,0,0,0,0
6,28,23,0,43
3,11,22,0,35
5,20,31,0,45
9,12,13,29,42
17,14,37,33,41
4,34,36,30,40
10,16,19,25,44
8,18,32,38,39
7,15,21,24,26
0,0,0,0,0
0,0,0,0,0
0,0,0,0,0
0,0,0,0,0
0,27,0,0,43
0,33,0,0,28
0,3,0,2,22
23,30,0,1,5
11,12,0,35,9
31,37,41,42,14
13,4,36,34,17
16,44,19,10,40
8,32,39,18,25
24,15,7,26,21
6,45,29,20,38
0,0,0,0,0
0,0,0,0,0
0,0,0,0,0
27,0,0,0,0
2,0,0,0,0
1,0,23,0,0
3,28,22,0,43
5,11,31,0,35
9,12,13,0,42
17,14,37,0,41
4,34,36,33,40
10,16,19,30,44
8,18,32,25,39
7,15,21,24,26
6,20,29,38,45
