2019-03-08
0,0,0,0,0
0,0,0,0,0
0,0,0,0,0
0,0,0,0,0
0,0,0,0,0
0,0,0,42,0
16,0,41,10,5
8,27,19,45,40
36,37,29,3,25
17,30,22,18,21
12,39,26,31,15
44,32,7,23,33
9,4,28,6,35
14,11,1,20,13
24,43,34,2,38
0,0,0,0,0
0,0,0,0,0
0,0,0,0,0
0,0,0,0,0
0,0,0,0,0
27,0,0,0,0
5,0,37,25,42
10,16,19,30,41
8,22,29,36,40
21,17,18,15,45
3,12,33,26,31
7,23,28,39,44
4,6,9,32,35
1,11,13,14,20
2,24,34,38,43
0,0,0,0,0
0,0,0,0,0
0,0,0,0,0
0,0,0,0,0
0,0,0,0,0
16,0,0,0,0
8,27,41,42,0
36,37,19,10,5
17,30,29,3,25
12,39,22,18,21
44,32,7,31,15
9,4,28,23,33
14,11,1,20,35
24,43,34,2,38
45,26,13,6,40
0,0,0,0,0
0,0,0,0,0
0,0,0,0,0
0,0,0,0,0
27,0,0,0,0
5,0,0,0,0
10,0,37,25,0
8,16,19,30,42
21,22,29,36,41
3,17,18,15,31
7,12,33,39,44
4,23,28,32,35
1,11,9,14,20
2,24,34,38,43
6,13,26,40,45
