2019-03-12
0,0,0,0,0
0,0,0,0,0
0,0,0,0,0
0,0,0,0,0
0,0,0,0,0
16,27,0,0,0
8,37,41,0,0
36,30,19,10,5
17,39,29,3,25
12,32,7,31,33
14,4,28,20,35
24,11,1,2,38
45,26,34,6,40
15,42,21,23,13
9,18,43,22,44
0,0,0,0,0
0,0,0,0,0
0,0,0,0,0
27,0,0,0,0
5,0,0,0,0
10,0,0,25,0
8,0,37,30,0
3,0,19,36,0
7,16,29,39,41
4,17,33,32,31
1,12,28,14,35
2,11,34,38,20
6,24,26,40,45
13,15,21,23,42
9,18,22,43,44
0,0,0,0,0
0,0,0,0,0
0,0,0,0,0
0,0,0,0,0
0,0,0,0,0
16,27,0,0,0
8,37,41,0,5
17,30,19,0,25
12,39,29,3,33
14,32,7,31,35
24,11,28,20,38
45,26,1,2,40
15,42,34,6,13
9,18,21,23,44
22,43,4,10,36
0,0,0,0,0
0,0,0,0,0
0,0,0,0,0
0,0,0,0,0
27,0,0,0,0
5,0,0,0,0
8,0,37,25,0
3,16,19,30,41
7,17,29,39,31
1,12,33,32,35
2,11,28,14,20
6,24,34,38,45
13,15,26,40,42
9,18,21,23,44
4,10,22,36,43
