2019-04-14
0,0,0,0,0
0,0,0,0,0
0,0,0,0,0
0,0,0,0,0
0,0,0,0,0
0,3,0,0,0
14,20,0,26,16
45,31,11,4,35
29,37,36,7,5
9,43,25,28,15
19,40,18,33,32
39,23,44,42,24
10,27,13,6,38
21,22,1,12,30
41,34,2,8,17
0,0,0,0,0
0,0,0,0,35
0,0,0,0,45
0,0,0,0,31
0,0,14,0,36
0,0,20,0,32
0,0,9,0,37
0,0,24,26,43
0,0,18,29,44
16,5,19,15,40
3,4,28,25,39
11,13,33,23,42
7,6,10,27,38
1,12,21,22,30
2,8,17,34,41
0,0,0,0,0
0,0,0,0,0
0,0,0,0,0
0,0,0,0,0
0,0,0,0,0
0,0,0,26,0
14,0,11,4,16
45,20,36,7,35
9,31,25,28,5
19,37,18,33,15
39,43,44,42,32
10,40,13,6,24
21,23,1,12,38
41,22,2,8,30
17,29,34,3,27
0,0,0,0,35
0,0,0,0,45
0,0,0,0,31
0,0,0,0,36
0,0,14,0,32
0,0,20,0,37
0,0,9,0,43
0,0,24,0,44
0,5,18,0,40
16,4,19,26,39
11,13,28,15,42
7,6,33,25,38
1,12,10,23,30
2,8,21,22,41
3,17,27,29,34
