2019-05-08
0,0,0,0,0
0,0,0,0,0
0,0,0,0,0
0,0,7,0,0
0,0,32,0,0
9,0,2,0,30
17,0,31,0,8
15,0,25,0,37
27,19,45,0,41
39,36,34,6,42
18,13,14,26,21
24,11,10,29,22
16,3,38,12,28
5,33,43,20,40
1,4,44,35,23
0,0,0,0,0
0,0,0,0,0
0,0,0,0,0
0,0,0,0,0
0,0,0,0,0
0,0,0,0,0
7,6,9,30,32
8,17,15,36,31
2,27,19,39,41
13,18,26,25,45
11,14,37,42,34
3,10,12,21,29
16,28,33,22,24
5,20,40,43,38
1,4,23,35,44
0,0,0,0,0
0,0,0,0,0
0,0,0,0,0
0,0,0,0,0
0,0,7,0,30
0,0,32,0,8
9,0,2,0,37
17,19,31,0,41
15,36,45,0,42
27,13,34,26,21
39,11,14,29,22
24,3,10,12,28
5,33,38,20,40
1,4,44,35,23
18,16,25,6,43
0,0,0,0,0
0,0,0,0,0
0,0,0,0,0
0,0,0,0,0
0,0,0,0,0
0,0,9,0,32
7,0,15,0,31
8,17,19,30,41
2,27,26,36,45
13,14,37,39,34
11,10,12,42,29
3,28,33,21,24
5,20,40,22,38
1,4,23,35,44
6,16,18,25,43
