2019-05-24
0,0,0,0,0
0,0,0,0,0
0,0,0,0,0
0,0,0,0,0
0,0,31,0,0
39,0,14,0,0
1,0,18,26,0
22,0,5,6,42
43,11,13,10,23
37,45,16,4,32
21,41,17,12,29
24,2,34,36,28
35,44,15,38,33
40,27,30,25,9
20,8,19,3,7
0,0,0,0,0
0,0,0,0,0
0,0,0,0,0
0,0,0,0,0
0,0,0,0,0
1,0,26,0,0
6,0,23,39,0
5,14,32,42,31
11,18,13,43,22
4,10,37,29,45
16,17,21,34,41
12,24,28,38,36
2,15,35,33,44
9,25,27,30,40
3,7,8,19,20
0,0,0,0,0
0,0,0,0,0
0,0,0,0,0
0,0,0,0,0
0,0,31,0,0
39,0,14,0,0
1,0,18,26,0
22,11,5,6,0
43,45,13,4,42
37,41,16,12,32
21,2,34,36,29
24,44,15,38,28
35,27,30,25,33
40,8,19,3,7
9,23,20,10,17
0,0,0,0,0
0,0,0,0,0
0,0,0,0,0
0,0,0,0,0
0,0,0,0,0
1,0,26,39,0
6,0,32,42,0
5,0,13,43,31
11,14,37,29,22
4,18,21,34,45
16,24,28,38,41
12,15,35,33,36
2,25,27,30,44
3,7,8,19,40
9,10,17,20,23
