2019-06-16
0,0,0,0,0
0,0,0,0,0
0,0,0,0,0
0,0,0,0,0
0,0,0,0,0
0,0,20,0,14
19,44,33,0,3
31,36,45,0,41
38,35,1,39,8
42,17,10,27,28
16,34,9,13,24
22,7,37,6,11
32,23,30,2,12
21,15,4,29,5
18,40,26,25,43
0,0,0,0,0
0,0,0,0,0
0,0,0,0,0
0,0,0,0,44
0,0,0,0,36
0,0,0,0,41
0,19,0,0,31
14,8,27,20,38
3,13,17,35,45
1,6,28,39,34
10,9,16,33,42
7,11,22,24,37
2,12,15,23,32
4,5,21,30,29
18,25,26,40,43
0,0,0,0,0
0,0,0,0,0
0,0,0,0,0
0,0,0,0,0
0,0,0,0,0
0,0,20,0,14
19,44,33,0,3
31,36,45,0,41
38,35,1,39,8
16,17,10,27,28
22,34,9,13,24
32,23,37,2,11
21,15,30,29,5
18,40,4,25,43
26,6,7,42,12
0,0,0,0,0
0,0,0,0,0
0,0,0,0,0
0,0,0,0,44
0,0,0,0,36
0,0,0,0,41
0,0,0,20,31
14,19,27,35,38
3,8,17,39,45
1,13,28,33,34
10,9,16,24,37
2,11,22,23,32
4,5,15,30,29
18,25,21,40,43
6,7,12,26,42
