2019-06-29
0,0,0,0,0
0,0,0,0,0
0,0,0,0,0
0,0,0,0,0
0,0,0,0,0
31,44,0,0,0
38,36,45,0,0
32,15,1,25,14
2,27,37,22,8
11,21,7,9,28
16,42,30,10,20
40,13,4,23,35
29,5,3,17,34
43,33,24,26,41
39,6,19,18,12
0,0,0,0,0
0,0,0,0,0
0,0,0,0,0
0,0,0,0,36
0,0,0,0,31
0,8,0,0,38
14,7,0,0,45
1,21,28,0,37
2,9,15,0,32
11,10,25,0,27
16,23,22,30,42
4,13,20,35,40
3,5,17,34,29
24,26,33,41,43
6,12,18,19,39
0,0,0,0,0
0,0,0,0,0
0,0,0,0,0
0,0,0,0,0
31,0,0,0,0
38,0,0,0,0
32,0,45,0,14
2,44,1,22,8
11,15,37,9,28
16,27,7,10,20
40,21,4,23,35
29,42,3,17,34
43,13,24,26,41
39,6,19,18,12
33,36,25,30,5
0,0,0,0,0
0,0,0,0,0
0,0,0,0,0
0,0,0,0,31
0,0,0,0,38
14,8,0,0,45
1,7,0,0,37
2,21,0,0,32
11,9,28,0,27
16,10,15,0,42
4,23,22,35,40
3,13,20,34,29
24,26,17,41,43
6,12,18,19,39
5,25,30,33,36
