2019-07-27
0,0,0,0,0
0,0,0,0,0
0,0,0,0,0
0,0,0,0,0
0,0,24,0,0
0,0,32,2,0
27,0,10,6,0
19,0,28,5,44
21,34,12,33,11
41,37,29,36,40
35,38,26,39,3
17,8,9,45,15
16,23,20,25,43
30,42,31,14,22
7,1,18,13,4
0,0,0,0,0
0,0,0,0,0
0,0,0,0,0
0,0,0,0,0
24,0,0,32,0
2,0,0,11,0
6,0,0,40,44
5,0,28,33,34
10,0,21,36,37
3,27,29,41,38
8,19,26,35,39
9,12,17,23,45
16,15,22,25,43
14,20,30,31,42
1,4,7,13,18
0,0,0,0,0
0,0,0,0,0
0,0,0,0,0
0,0,0,0,0
0,0,24,0,0
0,0,32,2,0
0,0,28,6,0
27,34,12,5,44
19,37,29,33,11
41,38,26,36,40
35,8,9,39,3
16,23,20,45,43
30,42,31,25,22
7,1,18,14,4
15,17,10,13,21
0,0,0,0,0
0,0,0,0,0
0,0,0,0,0
0,0,0,0,0
24,0,0,32,0
2,0,0,11,44
6,0,0,40,34
5,0,0,33,37
3,0,28,36,38
8,27,29,41,39
9,19,26,35,45
16,12,22,23,43
14,20,30,25,42
1,4,7,31,18
10,13,15,17,21
