2019-08-23
0,0,0,0,0
0,0,0,0,0
0,0,0,0,0
0,0,0,0,0
0,0,0,13,33
0,0,0,40,26
0,0,0,37,28
0,23,31,3,27
19,32,10,5,45
34,22,24,14,18
2,38,4,20,16
44,36,39,43,42
12,8,30,21,7
25,17,11,9,15
35,1,41,6,29
0,0,0,0,0
0,0,0,0,0
0,0,0,0,0
0,0,0,31,0
0,0,0,40,0
0,0,0,26,0
10,0,0,34,0
13,19,33,28,37
2,23,27,44,32
3,18,24,22,45
5,16,20,38,39
14,12,36,42,43
4,8,21,25,30
7,9,11,15,17
1,6,29,35,41
0,0,0,0,0
0,0,0,0,0
0,0,0,0,0
0,0,0,0,33
0,0,0,13,26
0,0,0,37,28
0,0,0,3,27
19,0,31,5,45
34,0,24,14,18
2,32,4,20,16
44,36,39,43,42
12,8,30,21,7
25,17,11,9,15
35,1,41,6,29
10,22,23,40,38
0,0,0,0,0
0,0,0,0,0
0,0,0,0,0
0,0,0,0,0
0,0,0,0,0
0,0,0,31,0
13,0,33,26,37
2,19,27,34,32
3,18,24,28,45
5,16,20,44,39
14,12,36,42,43
4,8,21,25,30
7,9,11,15,17
1,6,29,35,41
10,22,23,38,40
