2019-09-03
0,0,0,0,0
0,0,0,0,0
0,0,0,0,0
0,0,0,0,0
0,0,0,0,0
0,0,0,13,0
12,32,0,5,45
35,17,30,14,16
1,43,34,21,7
23,2,15,6,38
4,24,10,40,41
9,37,36,39,22
18,25,8,27,31
19,33,28,44,11
42,3,20,26,29
0,0,0,0,0
0,0,0,0,0
0,0,0,0,0
0,0,0,0,0
0,16,0,0,32
13,12,0,0,45
5,6,0,0,30
14,15,0,35,17
7,10,0,38,40
1,24,0,34,41
2,9,21,23,43
4,8,22,37,39
18,25,27,31,36
11,19,28,33,44
3,20,26,29,42
0,0,0,0,0
0,0,0,0,0
0,0,0,0,0
0,0,0,0,0
0,0,0,0,0
0,32,0,13,45
0,17,0,5,16
0,43,30,14,7
12,2,34,21,38
1,24,15,40,41
23,37,36,39,22
9,25,8,27,31
18,33,28,44,11
42,3,20,26,29
35,6,19,4,10
0,0,0,0,0
0,0,0,0,0
0,0,0,0,0
0,0,0,0,32
0,0,0,0,45
13,0,0,0,30
5,16,0,0,17
14,12,0,38,40
7,15,0,34,41
1,24,21,23,43
2,9,22,37,39
18,8,27,31,36
11,25,28,33,44
3,20,26,29,42
4,6,10,19,35
