2019-09-11
0,0,0,0,0
0,0,0,0,0
0,0,0,0,0
0,0,0,0,0
0,0,0,0,0
0,0,0,0,45
23,2,34,0,7
9,24,15,14,31
35,25,36,27,11
38,6,8,19,10
20,43,28,33,41
5,18,22,1,42
3,21,13,17,4
30,32,39,40,44
29,12,26,16,37
0,0,0,0,0
0,0,0,0,0
0,0,0,0,0
0,0,0,0,0
0,0,0,0,0
14,15,0,0,0
7,24,27,0,0
2,9,28,34,45
11,8,10,23,36
18,25,22,31,35
13,6,20,38,43
1,19,5,33,41
3,4,17,21,42
30,32,39,40,44
12,16,26,29,37
0,0,0,0,0
0,0,0,0,0
0,0,0,0,0
0,0,0,0,0
0,0,0,0,0
23,0,34,0,45
9,0,15,0,7
35,0,36,14,31
38,2,8,27,11
20,24,28,33,10
5,25,22,1,41
3,6,13,17,42
30,18,39,40,4
29,21,26,16,37
44,12,32,43,19
0,0,0,0,0
0,0,0,0,0
0,0,0,0,0
0,0,0,0,0
0,0,0,0,0
14,0,27,0,0
7,15,28,34,0
2,24,10,23,0
11,9,22,31,45
18,8,20,38,36
13,25,5,33,35
1,6,17,21,41
3,4,39,40,42
30,16,26,29,37
12,19,32,43,44
