2019-12-09
0,0,0,0,0
0,0,0,0,0
0,0,0,0,0
0,0,0,0,0
0,0,0,41,0
19,0,0,25,0
26,0,0,9,1
8,0,33,40,22
15,32,34,37,44
27,20,45,4,3
30,16,7,17,12
18,31,29,38,21
36,14,11,43,23
5,10,35,13,28
6,39,42,2,24
0,0,0,0,0
0,0,0,0,0
0,0,0,0,0
0,0,41,0,0
0,0,19,0,0
0,8,32,0,0
0,20,34,0,26
0,7,15,0,45
1,12,22,25,44
9,27,37,33,40
3,16,30,29,31
4,17,21,18,38
11,14,23,36,43
5,10,13,28,35
2,6,24,39,42
0,0,0,0,0
0,0,0,0,0
0,0,0,0,0
0,0,0,0,0
19,0,0,0,0
26,0,0,0,0
8,0,33,41,0
15,32,34,25,1
27,20,45,9,22
30,16,7,4,44
18,31,29,17,21
36,14,11,38,23
5,10,35,13,28
6,39,42,2,24
43,37,40,12,3
0,0,0,0,0
0,0,0,0,0
0,0,0,0,0
0,0,41,0,0
0,0,19,0,0
0,8,32,0,0
0,20,34,0,0
0,7,15,25,26
1,27,22,33,45
9,16,30,29,44
4,17,21,18,31
11,14,23,36,38
5,10,13,28,35
2,6,24,39,42
3,12,37,40,43
