2019-12-20
0,0,0,0,0
0,0,0,0,0
0,0,0,0,0
19,0,0,0,0
26,0,0,0,0
8,0,0,0,0
15,0,0,17,0
27,32,11,45,1
36,31,35,33,21
6,39,28,5,29
24,22,4,43,20
9,10,44,34,13
2,30,14,38,42
7,23,12,41,3
16,25,18,37,40
0,0,0,0,0
0,0,0,0,0
0,0,0,0,0
0,0,0,0,0
0,0,0,0,0
0,8,19,0,0
1,27,32,0,26
11,17,15,0,31
22,6,21,36,35
4,28,29,39,45
24,5,33,20,44
9,10,14,34,43
2,13,30,38,42
3,7,12,23,41
16,18,25,37,40
0,0,0,0,0
0,0,0,0,0
0,0,0,0,0
19,0,0,0,0
26,0,0,0,0
8,0,0,0,0
27,0,0,17,0
36,32,11,33,1
6,31,35,5,21
24,39,4,43,29
9,22,44,34,20
2,10,14,38,42
7,30,12,41,3
16,25,18,37,40
23,13,28,15,45
0,0,0,0,0
0,0,0,0,0
0,0,0,0,0
0,0,0,0,0
0,0,0,0,0
1,0,19,0,0
11,8,32,0,26
22,27,21,0,31
4,17,29,36,35
24,6,33,39,44
9,5,14,20,43
2,10,30,34,42
3,7,12,38,41
16,18,25,37,40
13,15,23,28,45
