2019-12-22
0,0,0,0,0
0,0,0,0,0
0,0,0,0,0
19,0,0,0,0
26,0,0,0,0
8,0,0,17,0
27,0,0,33,1
36,32,0,5,21
6,31,0,43,29
24,39,35,34,20
9,22,4,38,42
2,10,44,41,3
16,30,14,37,40
23,13,18,15,45
12,7,11,28,25
0,0,0,0,0
0,0,0,0,0
0,0,0,0,0
0,0,0,0,0
0,0,0,0,0
1,0,0,0,26
22,8,19,0,31
4,27,32,0,35
24,17,21,36,44
9,6,29,39,43
2,5,33,20,42
3,10,14,34,41
16,18,30,38,40
13,15,23,37,45
7,11,12,25,28
0,0,0,0,0
0,0,0,0,0
19,0,0,0,0
26,0,0,0,0
8,0,0,0,0
27,0,0,0,1
36,0,0,0,21
6,0,0,17,29
24,31,35,34,20
9,22,4,38,42
2,10,44,41,3
16,30,14,37,40
23,13,18,15,45
12,7,11,28,25
32,5,43,33,39
0,0,0,0,0
0,0,0,0,0
0,0,0,0,0
0,0,0,0,0
1,0,0,0,0
22,0,0,0,26
4,8,0,0,31
24,27,19,0,35
9,17,21,36,44
2,6,29,20,42
3,10,14,34,41
16,18,30,38,40
13,15,23,37,45
7,11,12,25,28
5,32,33,39,43
