2020-01-15
0,0,0,0,0
0,0,0,0,0
0,0,0,0,0
0,0,0,0,0
0,0,0,33,0
12,0,0,25,0
45,17,13,35,0
28,30,26,34,0
22,32,4,18,0
21,27,39,40,24
20,8,19,1,29
14,41,31,37,16
36,11,38,23,10
2,3,44,42,6
7,9,43,5,15
0,0,0,0,0
0,0,0,0,0
0,0,0,0,0
0,0,0,0,0
0,0,0,24,0
0,0,12,29,45
0,0,33,22,35
0,25,28,30,34
0,17,16,32,26
13,10,18,40,39
4,19,21,8,20
1,14,27,37,41
6,11,31,36,38
2,3,23,42,44
5,7,9,15,43
0,0,0,0,0
0,0,0,0,0
0,0,0,0,0
0,0,0,0,0
0,0,0,33,0
12,17,0,25,0
45,30,0,35,0
28,32,0,34,0
21,27,13,18,24
20,8,26,1,29
14,41,39,37,16
36,11,19,23,10
2,3,38,42,6
7,9,44,5,15
31,40,22,43,4
0,0,0,0,0
0,0,0,0,0
0,0,0,0,0
0,0,0,0,0
0,0,0,0,0
0,0,12,24,45
0,25,33,29,35
0,17,28,30,34
0,10,16,32,26
13,19,18,8,39
1,14,21,37,20
6,11,27,36,41
2,3,23,42,38
5,7,9,15,44
4,22,31,40,43
