2020-02-19
0,0,0,0,0
0,0,0,0,0
0,0,0,0,0
0,0,24,0,0
0,0,34,0,0
28,0,35,0,0
20,0,33,19,0
43,0,45,2,18
6,0,1,30,31
15,14,17,7,11
26,8,4,42,37
25,5,12,39,3
36,23,9,13,38
22,21,16,41,32
27,10,29,40,44
0,0,0,0,0
0,0,0,0,0
0,0,0,0,0
0,0,0,0,20
0,0,0,0,34
0,0,0,0,43
0,14,28,0,45
18,6,24,0,30
2,11,19,35,26
1,7,31,33,42
4,5,15,37,39
3,12,8,17,25
9,23,13,36,38
16,21,22,32,41
10,27,29,40,44
0,0,0,0,0
0,0,0,0,0
0,0,24,0,0
0,0,34,0,0
0,0,35,0,0
28,0,33,0,0
20,0,45,0,18
43,0,1,19,31
6,0,17,2,11
15,0,4,30,37
25,14,12,42,3
36,8,9,39,38
22,23,16,41,32
27,10,29,40,44
21,26,13,5,7
0,0,0,0,0
0,0,0,0,0
0,0,0,0,0
0,0,0,0,20
0,0,0,0,34
0,0,0,0,43
18,0,28,0,45
2,0,24,35,30
1,14,19,33,42
4,6,31,37,39
3,11,15,17,25
9,12,8,36,38
16,23,22,32,41
10,27,29,40,44
5,7,13,21,26
