2020-04-18
0,0,0,0,0
0,0,0,0,0
9,0,0,0,0
6,0,0,0,0
44,0,0,0,0
3,0,0,0,0
11,0,0,0,0
19,31,0,0,21
39,38,18,22,2
29,10,36,35,28
45,30,12,17,14
1,24,25,5,42
20,16,33,23,34
32,7,4,27,13
43,26,15,8,37
0,0,0,0,0
0,0,0,0,0
0,0,0,0,0
0,0,0,0,0
0,0,9,0,0
0,0,21,0,41
6,0,11,0,44
3,19,31,0,39
2,22,28,40,38
14,17,29,35,45
1,12,10,36,30
5,25,18,34,42
13,16,24,23,33
4,7,20,27,32
8,15,26,37,43
0,0,0,0,0
0,0,0,0,0
0,0,0,0,0
9,0,0,0,0
6,0,0,0,0
44,0,0,0,0
3,0,0,0,0
19,31,0,22,21
39,38,18,35,2
29,10,12,17,28
45,30,25,5,14
20,24,33,23,42
32,16,4,27,34
43,7,15,8,13
11,36,26,37,1
0,0,0,0,0
0,0,0,0,0
0,0,0,0,0
0,0,0,0,0
0,0,0,0,41
0,0,9,0,44
6,19,21,0,39
3,22,31,0,38
2,17,28,0,45
14,12,29,40,30
5,25,10,35,42
13,16,18,34,33
4,7,24,23,32
8,15,20,27,43
1,11,26,36,37
