2020-06-13
0,0,0,0,0
0,0,0,0,0
0,0,0,0,0
0,0,0,0,0
29,21,0,0,0
4,25,0,0,0
15,17,0,14,0
13,3,0,40,0
45,24,36,38,6
33,1,39,2,27
19,32,26,42,11
7,31,20,28,12
18,22,30,9,43
16,35,8,37,44
10,34,41,23,5
0,0,0,0,0
0,0,0,0,0
0,21,0,0,0
0,14,0,0,0
0,25,0,0,0
0,17,0,0,0
0,15,40,38,0
3,6,24,36,0
2,13,27,29,0
4,26,28,42,39
1,19,32,33,45
11,7,9,43,31
12,22,30,20,44
18,8,16,35,37
5,10,23,34,41
0,0,0,0,0
0,0,0,0,0
0,0,0,0,0
0,0,0,0,0
0,21,0,0,0
29,25,0,14,0
4,3,0,40,0
13,24,0,38,0
45,1,36,2,27
33,32,39,42,11
19,31,26,28,12
7,22,20,9,43
16,35,30,37,44
10,34,8,23,5
41,17,18,15,6
0,0,0,0,0
0,0,0,0,0
0,0,0,0,0
0,0,0,0,0
0,21,0,0,0
0,14,40,38,0
0,25,24,36,0
3,13,27,29,0
2,26,28,42,0
4,19,32,33,39
1,7,9,43,45
11,22,30,20,31
12,8,16,35,44
5,10,23,34,37
6,15,17,18,41
