2020-07-09
0,0,0,0,0
0,0,0,0,0
0,0,0,0,0
16,0,0,0,0
19,0,0,0,0
28,0,0,0,0
11,0,30,25,0
23,0,18,34,42
32,8,37,6,39
45,26,3,13,14
29,15,12,1,41
7,21,22,4,44
2,43,36,31,24
38,33,40,17,10
5,27,35,20,9
0,0,0,0,0
0,0,0,0,0
0,0,0,0,0
0,19,0,0,0
0,8,0,0,0
0,15,0,0,42
0,11,16,0,28
0,3,30,25,37
0,14,26,39,34
6,12,18,32,45
1,21,23,41,29
4,7,13,43,44
2,24,22,33,36
10,17,31,38,40
5,9,20,27,35
0,0,0,0,0
0,0,0,0,0
0,0,0,0,0
16,0,0,0,0
19,0,0,0,0
28,0,30,0,0
11,0,18,25,0
23,0,37,34,42
32,0,3,6,39
45,26,12,13,14
29,15,22,1,41
7,21,36,4,44
2,33,40,17,24
5,27,35,20,9
43,38,31,8,10
0,0,0,0,0
0,0,0,0,0
0,0,0,0,0
0,19,0,0,0
0,15,0,0,42
0,11,0,0,28
0,3,16,0,37
0,14,30,0,34
0,12,26,25,45
6,21,18,39,29
1,7,23,32,44
4,24,13,41,36
2,17,22,33,40
5,9,20,27,35
8,10,31,38,43
