2004-01-23
0,0,0,0,0,0,0,0,0,0,0,0,0,0,0,0,0,0,0,0
0,0,0,0,0,0,0,0,0,0,0,0,0,0,0,0,0,0,0,0
0,0,0,0,0,0,0,0,0,0,0,0,0,0,0,0,0,0,0,0
0,0,0,0,0,0,0,0,0,0,0,0,0,0,0,0,0,0,0,0
0,0,0,0,0,0,0,0,0,0,0,0,0,0,0,0,0,0,0,0
0,0,0,0,0,0,0,0,0,0,0,0,0,0,0,0,0,0,0,0
0,0,0,0,0,0,0,0,0,0,0,0,0,0,0,0,0,0,0,0
0,0,0,0,0,0,0,0,0,0,0,0,0,0,0,0,0,0,0,0
0,0,0,0,0,0,0,0,0,0,0,0,0,0,23,0,0,0,0,0
0,0,0,0,0,0,0,0,0,0,0,0,0,0,12,0,6,0,0,0
0,0,0,0,11,0,0,0,0,0,58,56,0,0,74,0,8,0,62,15
0,21,0,0,52,53,0,33,0,41,49,3,0,0,35,0,37,0,51,32
28,5,19,50,24,69,61,57,75,20,66,16,18,2,31,0,55,14,46,68
1,77,40,34,42,78,63,43,65,44,67,22,38,13,7,10,80,64,27,76
59,48,30,79,71,70,60,36,73,26,72,9,54,45,25,29,17,4,39,47
0,0,0,0,0,0,0,0,0,0,0,0,0,0,0,0,0,0,0,0
0,0,0,0,0,0,0,0,0,0,0,0,0,0,0,0,0,0,0,0
0,0,0,0,0,0,0,0,0,0,0,0,0,0,0,0,0,0,0,0
0,0,0,0,0,0,0,0,0,0,0,0,0,0,0,0,0,0,0,0
0,0,0,0,0,0,0,0,0,0,0,0,0,0,0,0,0,0,0,0
0,0,0,0,0,0,0,0,0,0,0,0,0,0,0,0,0,0,0,0
0,0,0,0,0,0,0,0,0,0,0,0,0,0,0,0,0,0,0,0
0,0,0,0,0,0,0,0,0,0,0,0,0,0,0,0,0,0,0,0
0,0,0,0,0,0,0,0,0,0,0,0,53,0,62,0,0,0,0,0
0,0,18,0,0,0,0,0,0,0,0,0,49,0,58,0,0,0,0,0
0,0,11,0,0,14,0,0,0,0,0,0,38,0,56,0,0,0,0,0
3,5,15,6,33,23,21,19,0,37,0,0,51,0,52,69,0,0,74,0
1,2,16,8,12,24,28,42,32,35,46,41,55,50,61,66,0,0,77,75
7,10,13,22,20,27,31,34,40,43,44,57,63,64,67,65,68,76,78,80
4,9,17,25,26,29,30,36,39,45,47,48,54,59,60,70,71,72,73,79
0,0,0,0,0,0,0,0,0,0,0,0,0,0,0,0,0,0,0,0
0,0,0,0,0,0,0,0,0,0,0,0,0,0,0,0,0,0,0,0
0,0,0,0,0,0,0,0,0,0,0,0,0,0,0,0,0,0,0,0
0,0,0,0,0,0,0,0,0,0,0,0,0,0,0,0,0,0,0,0
0,0,0,0,0,0,0,0,0,0,0,0,0,0,0,0,0,0,0,0
0,0,0,0,0,0,0,0,0,0,0,0,0,0,0,0,0,0,0,0
0,0,0,0,0,0,0,0,0,0,0,0,0,0,0,0,0,0,0,0
0,0,0,0,0,0,0,0,0,0,0,0,0,0,0,0,0,0,0,0
0,0,0,0,0,0,0,0,0,0,0,0,0,0,23,0,6,0,0,0
0,0,0,0,0,0,0,0,0,0,0,0,0,0,74,0,8,0,0,0
0,0,0,0,0,0,0,0,0,0,58,56,0,0,35,0,37,0,0,15
28,0,0,50,11,69,61,0,75,0,66,16,0,2,31,0,55,14,0,32
1,77,40,34,52,78,63,33,65,41,67,22,38,13,7,0,80,64,0,68
59,48,30,79,71,70,60,43,73,26,72,9,54,45,25,10,17,4,51,76
42,5,21,29,36,57,12,47,53,19,24,20,18,46,62,39,27,3,49,44
0,0,0,0,0,0,0,0,0,0,0,0,0,0,0,0,0,0,0,0
0,0,0,0,0,0,0,0,0,0,0,0,0,0,0,0,0,0,0,0
0,0,0,0,0,0,0,0,0,0,0,0,0,0,0,0,0,0,0,0
0,0,0,0,0,0,0,0,0,0,0,0,0,0,0,0,0,0,0,0
0,0,0,0,0,0,0,0,0,0,0,0,0,0,0,0,0,0,0,0
0,0,0,0,0,0,0,0,0,0,0,0,0,0,0,0,0,0,0,0
0,0,0,0,0,0,0,0,0,0,0,0,0,0,0,0,0,0,0,0
0,0,0,0,0,0,0,0,0,0,0,0,0,0,0,0,0,0,0,0
0,0,0,0,0,0,0,0,0,0,0,0,0,0,58,0,0,0,0,0
0,0,11,0,0,0,0,0,0,0,0,0,38,0,56,0,0,0,0,0
0,0,15,6,0,0,0,0,0,37,0,0,51,0,52,69,0,0,74,0
1,2,16,8,0,0,28,0,0,35,0,0,55,50,61,66,0,0,77,75
7,10,13,22,33,14,31,0,32,43,0,41,63,64,67,65,68,76,78,80
4,9,17,25,26,23,30,34,40,45,0,48,54,59,60,70,71,72,73,79
3,5,12,18,19,20,21,24,27,29,36,39,42,44,46,47,49,53,57,62
