2001-07-21
0,0,0,0,0,0,0,0,0,0,0,0,0,0,0,0,0,0,0,0
0,0,0,0,0,0,0,0,0,0,0,0,0,0,0,0,0,0,0,0
0,0,0,0,0,0,0,0,0,0,0,0,0,0,0,0,0,0,0,0
0,0,0,0,0,0,0,0,0,0,0,0,0,0,0,0,0,0,0,0
0,0,0,0,0,0,0,0,0,0,0,0,0,0,0,0,0,0,0,0
0,0,0,0,0,0,0,0,0,0,0,0,0,0,0,0,0,0,0,0
0,0,0,0,0,0,0,0,0,0,0,0,0,0,0,0,0,0,0,0
0,0,0,0,0,0,0,0,0,0,0,0,0,0,0,0,0,0,0,0
0,0,0,0,0,0,0,0,0,0,0,0,19,0,0,0,0,0,0,0
0,45,0,0,0,0,0,0,0,0,0,0,63,0,0,0,0,0,0,18
0,60,0,0,0,0,0,0,12,0,0,0,33,44,0,0,77,0,0,43
0,34,16,72,0,8,61,0,78,25,0,23,4,75,0,0,13,0,69,20
0,57,68,66,42,59,37,35,10,74,0,70,79,27,0,62,40,6,31,49
11,46,29,55,58,48,5,50,80,39,53,76,52,36,41,26,14,15,22,73
38,51,9,21,7,17,3,56,64,28,2,54,67,65,30,1,24,32,47,71
0,0,0,0,0,0,0,0,0,0,0,0,0,0,0,0,0,0,0,0
0,0,0,0,0,0,0,0,0,0,0,0,0,0,0,0,0,0,0,0
0,0,0,0,0,0,0,0,0,0,0,0,0,0,0,0,0,0,0,0
0,0,0,0,0,0,0,0,0,0,0,0,0,0,0,0,0,0,0,0
0,0,0,0,0,0,0,0,0,0,0,0,0,0,0,0,0,0,0,0
0,0,0,0,0,0,0,0,0,0,0,0,0,0,0,0,0,0,0,0
0,0,0,0,0,0,0,0,0,0,0,0,0,0,0,0,0,0,0,0
0,0,0,0,0,0,0,0,0,0,0,0,0,0,0,0,0,0,0,0
0,0,12,0,0,0,0,0,0,0,0,0,0,0,0,60,0,0,0,0
0,0,19,18,0,0,0,0,0,0,0,0,0,45,0,63,0,0,0,0
0,0,8,23,0,0,0,0,0,0,0,44,0,42,0,62,0,0,0,0
0,0,6,15,16,20,0,0,0,0,0,43,0,66,61,75,72,68,0,0
0,4,13,27,31,35,25,34,33,40,46,57,59,58,69,70,73,78,79,77
10,5,11,14,22,26,37,29,49,36,39,41,48,50,52,53,55,74,76,80
1,2,3,7,9,17,21,24,28,30,32,38,47,51,54,56,64,65,67,71
0,0,0,0,0,0,0,0,0,0,0,0,0,0,0,0,0,0,0,0
0,0,0,0,0,0,0,0,0,0,0,0,0,0,0,0,0,0,0,0
0,0,0,0,0,0,0,0,0,0,0,0,0,0,0,0,0,0,0,0
0,0,0,0,0,0,0,0,0,0,0,0,0,0,0,0,0,0,0,0
0,0,0,0,0,0,0,0,0,0,0,0,0,0,0,0,0,0,0,0
0,0,0,0,0,0,0,0,0,0,0,0,0,0,0,0,0,0,0,0
0,0,0,0,0,0,0,0,0,0,0,0,0,0,0,0,0,0,0,0
0,0,0,0,0,0,0,0,0,0,0,0,0,0,0,0,0,0,0,0
0,0,0,0,0,0,0,0,0,0,0,0,19,0,0,0,0,0,0,0
0,0,0,0,0,0,0,0,0,0,0,0,33,44,0,0,77,0,0,18
0,60,0,0,0,8,0,0,12,0,0,0,4,75,0,0,13,0,0,43
0,34,16,72,0,59,61,0,10,25,0,23,79,27,0,0,40,0,31,20
0,46,68,66,58,48,37,35,80,74,0,76,52,36,0,62,14,6,22,49
0,51,9,55,7,17,5,56,64,28,2,54,67,65,0,1,24,15,47,73
78,69,70,30,71,38,42,50,39,29,41,45,57,21,63,32,3,26,53,11
0,0,0,0,0,0,0,0,0,0,0,0,0,0,0,0,0,0,0,0
0,0,0,0,0,0,0,0,0,0,0,0,0,0,0,0,0,0,0,0
0,0,0,0,0,0,0,0,0,0,0,0,0,0,0,0,0,0,0,0
0,0,0,0,0,0,0,0,0,0,0,0,0,0,0,0,0,0,0,0
0,0,0,0,0,0,0,0,0,0,0,0,0,0,0,0,0,0,0,0
0,0,0,0,0,0,0,0,0,0,0,0,0,0,0,0,0,0,0,0
0,0,0,0,0,0,0,0,0,0,0,0,0,0,0,0,0,0,0,0
0,0,0,0,0,0,0,0,0,0,0,0,0,0,0,0,0,0,0,0
0,0,0,18,0,0,0,0,0,0,0,0,0,0,0,0,0,0,0,0
0,0,12,23,0,0,0,0,0,0,0,0,0,0,0,0,0,0,0,0
0,0,19,15,16,0,0,0,0,0,0,0,0,0,0,60,72,0,0,0
0,4,8,27,31,20,0,0,33,0,0,0,59,66,61,62,73,68,79,0
10,5,6,14,22,35,25,34,49,40,0,44,48,58,52,75,55,74,76,77
1,2,13,7,9,17,37,24,28,36,46,43,47,51,54,56,64,65,67,80
3,11,21,26,29,30,32,38,39,41,42,45,50,53,57,63,69,70,71,78
