2004-03-17
0,0,0,0,0,0,0,0,0,0,0,0,0,0,0,0,0,0,0,0
0,0,0,0,0,0,0,0,0,0,0,0,0,0,0,0,0,0,0,0
0,0,0,0,0,0,0,0,0,0,0,0,0,0,0,0,0,0,0,0
0,0,0,0,0,0,0,0,0,0,0,0,0,0,0,0,0,0,0,0
0,0,0,0,0,0,0,0,0,0,0,0,0,0,0,0,0,0,0,0
0,0,0,0,0,0,0,0,0,0,0,0,0,0,0,0,0,0,0,0
0,0,0,0,0,0,0,0,0,0,0,0,0,0,0,0,0,0,0,0
0,0,0,0,0,0,0,0,0,0,0,0,0,0,0,0,0,0,0,0
0,0,0,0,0,0,0,0,0,0,0,0,0,0,0,0,0,0,0,0
0,0,0,0,0,0,0,0,3,0,0,54,0,0,0,0,0,0,0,0
69,1,0,0,0,0,0,0,65,0,74,22,0,75,0,0,24,0,0,0
11,60,0,0,2,27,0,71,4,0,50,21,0,61,0,8,72,55,48,45
63,9,70,37,43,67,26,76,68,0,53,52,0,30,0,39,41,56,58,6
23,16,25,46,40,20,14,13,35,17,51,15,47,78,44,32,49,59,19,79
66,12,57,73,10,42,77,62,34,28,29,18,31,38,5,36,64,7,80,33
0,0,0,0,0,0,0,0,0,0,0,0,0,0,0,0,0,0,0,0
0,0,0,0,0,0,0,0,0,0,0,0,0,0,0,0,0,0,0,0
0,0,0,0,0,0,0,0,0,0,0,0,0,0,0,0,0,0,0,0
0,0,0,0,0,0,0,0,0,0,0,0,0,0,0,0,0,0,0,0
0,0,0,0,0,0,0,0,0,0,0,0,0,0,0,0,0,0,0,0
0,0,0,0,0,0,0,0,0,0,0,0,0,0,0,0,0,0,0,0
0,0,0,0,0,0,0,0,0,0,0,0,0,0,0,0,0,0,0,0
0,0,0,0,0,0,0,0,0,0,0,0,0,0,0,0,0,0,0,0
0,0,0,0,0,0,0,0,0,0,0,0,0,0,0,0,0,0,0,0
1,8,0,0,0,0,0,32,0,0,0,0,0,0,0,0,0,0,0,75
2,3,0,0,0,0,39,22,0,0,0,0,54,61,0,0,0,60,0,76
6,13,0,0,0,27,24,30,0,0,0,55,56,48,45,65,69,71,74,79
4,9,0,14,0,21,26,37,41,0,0,43,52,53,50,58,59,67,72,70
11,15,16,17,0,19,20,23,25,0,35,40,44,46,47,49,51,63,68,78
5,7,10,12,18,28,29,31,33,34,36,38,42,57,62,64,66,73,77,80
0,0,0,0,0,0,0,0,0,0,0,0,0,0,0,0,0,0,0,0
0,0,0,0,0,0,0,0,0,0,0,0,0,0,0,0,0,0,0,0
0,0,0,0,0,0,0,0,0,0,0,0,0,0,0,0,0,0,0,0
0,0,0,0,0,0,0,0,0,0,0,0,0,0,0,0,0,0,0,0
0,0,0,0,0,0,0,0,0,0,0,0,0,0,0,0,0,0,0,0
0,0,0,0,0,0,0,0,0,0,0,0,0,0,0,0,0,0,0,0
0,0,0,0,0,0,0,0,0,0,0,0,0,0,0,0,0,0,0,0
0,0,0,0,0,0,0,0,0,0,0,0,0,0,0,0,0,0,0,0
0,0,0,0,0,0,0,0,0,0,0,0,0,0,0,0,0,0,0,0
0,0,0,0,0,0,0,0,0,0,0,0,0,75,0,0,0,0,0,0
69,0,0,0,2,27,0,71,0,0,0,54,0,61,0,0,0,55,0,0
11,1,0,37,43,67,26,76,65,0,0,21,0,30,0,8,0,56,58,6
63,9,0,46,40,20,14,13,4,0,50,52,47,78,44,32,24,59,19,79
23,16,25,73,10,42,77,62,35,17,51,18,31,38,5,36,41,7,80,33
72,12,60,57,49,45,48,15,53,66,22,39,68,74,28,34,64,29,70,3
0,0,0,0,0,0,0,0,0,0,0,0,0,0,0,0,0,0,0,0
0,0,0,0,0,0,0,0,0,0,0,0,0,0,0,0,0,0,0,0
0,0,0,0,0,0,0,0,0,0,0,0,0,0,0,0,0,0,0,0
0,0,0,0,0,0,0,0,0,0,0,0,0,0,0,0,0,0,0,0
0,0,0,0,0,0,0,0,0,0,0,0,0,0,0,0,0,0,0,0
0,0,0,0,0,0,0,0,0,0,0,0,0,0,0,0,0,0,0,0
0,0,0,0,0,0,0,0,0,0,0,0,0,0,0,0,0,0,0,0
0,0,0,0,0,0,0,0,0,0,0,0,0,0,0,0,0,0,0,0
1,0,0,0,0,0,0,0,0,0,0,0,0,0,0,0,0,0,0,0
2,0,0,0,0,0,0,32,0,0,0,0,54,0,0,0,0,0,0,75
6,8,0,0,0,0,0,30,0,0,0,55,56,0,0,0,0,71,0,76
4,13,0,0,0,27,24,37,41,0,0,43,52,0,50,0,69,67,0,79
11,9,16,14,0,21,26,23,25,0,35,40,44,61,47,65,59,63,0,78
5,7,10,17,18,19,20,31,33,0,36,38,42,46,62,58,51,73,77,80
3,12,15,22,28,29,34,39,45,48,49,53,57,60,64,66,68,70,72,74
