2001-08-01
0,0,0,0,0,0,0,0,0,0,0,0,0,0,0,0,0,0,0,0
0,0,0,0,0,0,0,0,0,0,0,0,0,0,0,0,0,0,0,0
0,0,0,0,0,0,0,0,0,0,0,0,0,0,0,0,0,0,0,0
0,0,0,0,0,0,0,0,0,0,0,0,0,0,0,0,0,0,0,0
0,0,0,0,0,0,0,0,0,0,0,0,0,0,0,0,0,0,0,0
0,0,0,0,0,0,0,0,0,0,0,0,0,0,0,0,0,0,0,0
0,0,0,0,0,0,0,56,0,0,0,0,0,0,0,0,0,0,0,0
0,0,0,0,0,0,0,62,0,0,0,0,0,0,0,0,0,0,0,0
0,0,0,0,0,0,0,51,10,0,0,0,0,0,0,0,0,0,0,0
0,0,0,0,0,0,0,4,74,0,0,0,0,0,0,0,0,0,0,0
0,0,0,0,0,0,0,63,61,0,0,0,0,0,0,17,13,0,0,0
22,30,0,25,34,0,0,58,55,26,0,54,0,0,0,15,35,49,31,0
79,21,45,20,69,0,77,67,64,43,46,7,57,40,11,8,14,53,73,0
2,59,1,48,44,60,5,37,72,68,3,71,24,6,18,80,42,36,27,9
70,33,23,75,78,38,66,76,65,28,50,39,19,47,52,29,32,41,12,16
0,0,0,0,0,0,0,0,0,0,0,0,0,0,0,0,0,0,0,0
0,0,0,0,0,0,0,0,0,0,0,0,0,0,0,0,0,0,0,0
0,0,0,0,0,0,0,0,0,0,0,0,0,0,0,0,0,0,0,0
0,0,0,0,0,0,0,0,0,0,0,0,0,0,0,0,0,0,0,0
0,0,0,0,0,0,0,0,0,0,0,0,0,0,0,0,0,0,0,0
0,0,0,0,0,0,0,0,0,0,0,0,0,0,0,0,0,0,0,0
0,0,0,0,0,0,0,0,0,0,0,0,0,0,0,0,0,0,0,0
0,0,0,0,0,0,0,0,0,0,0,0,0,0,0,0,0,0,0,0
0,0,0,0,0,0,0,0,0,0,0,0,0,0,0,0,0,0,0,0
0,4,0,0,31,0,0,0,0,0,0,51,0,0,0,0,0,0,0,0
0,15,13,0,25,0,0,0,0,0,0,57,0,0,54,0,0,0,0,0
10,7,20,0,22,26,34,35,0,0,46,49,0,61,63,0,0,0,74,0
1,8,11,17,14,30,21,24,40,45,53,55,58,60,64,56,62,69,77,79
2,3,5,6,9,18,27,36,37,42,44,48,43,59,68,67,71,72,73,80
12,16,19,23,28,29,32,33,38,39,41,47,50,52,65,66,70,75,76,78
0,0,0,0,0,0,0,0,0,0,0,0,0,0,0,0,0,0,0,0
0,0,0,0,0,0,0,0,0,0,0,0,0,0,0,0,0,0,0,0
0,0,0,0,0,0,0,0,0,0,0,0,0,0,0,0,0,0,0,0
0,0,0,0,0,0,0,0,0,0,0,0,0,0,0,0,0,0,0,0
0,0,0,0,0,0,0,0,0,0,0,0,0,0,0,0,0,0,0,0
0,0,0,0,0,0,0,0,0,0,0,0,0,0,0,0,0,0,0,0
0,0,0,0,0,0,0,0,0,0,0,0,0,0,0,0,0,0,0,0
0,0,0,0,0,0,0,56,0,0,0,0,0,0,0,0,0,0,0,0
0,0,0,0,0,0,0,51,0,0,0,0,0,0,0,0,0,0,0,0
0,0,0,0,0,0,0,4,0,0,0,0,0,0,0,0,0,0,0,0
0,0,0,0,0,0,0,63,10,0,0,0,0,0,0,17,13,0,31,0
22,0,45,25,0,0,77,58,74,26,0,54,57,0,0,15,35,49,73,0
2,59,1,20,34,60,5,37,61,68,0,7,24,40,11,8,14,36,27,9
70,33,23,48,69,38,66,76,65,28,46,71,19,6,52,29,32,41,12,16
42,18,67,78,30,72,53,64,62,55,39,50,21,80,79,3,43,44,47,75
0,0,0,0,0,0,0,0,0,0,0,0,0,0,0,0,0,0,0,0
0,0,0,0,0,0,0,0,0,0,0,0,0,0,0,0,0,0,0,0
0,0,0,0,0,0,0,0,0,0,0,0,0,0,0,0,0,0,0,0
0,0,0,0,0,0,0,0,0,0,0,0,0,0,0,0,0,0,0,0
0,0,0,0,0,0,0,0,0,0,0,0,0,0,0,0,0,0,0,0
0,0,0,0,0,0,0,0,0,0,0,0,0,0,0,0,0,0,0,0
0,0,0,0,0,0,0,0,0,0,0,0,0,0,0,0,0,0,0,0
0,0,0,0,0,0,0,0,0,0,0,0,0,0,0,0,0,0,0,0
0,0,0,0,31,0,0,0,0,0,0,0,0,0,0,0,0,0,0,0
0,4,13,0,25,0,0,0,0,0,0,0,0,0,0,0,0,0,0,0
10,15,20,0,22,0,0,35,0,0,0,51,0,61,54,0,0,0,74,0
1,7,11,17,14,0,34,24,40,0,0,57,0,60,63,0,0,0,77,0
2,8,5,6,9,26,27,36,37,0,46,49,0,59,68,56,71,0,73,0
12,16,19,23,28,29,32,33,38,45,41,48,58,52,65,66,70,69,76,0
3,18,21,30,39,42,43,44,47,50,53,55,62,64,67,72,75,78,79,80
