2004-05-15
0,0,0,0,0,0,0,0,0,0,0,0,0,0,0,0,0,0,0,0
0,0,0,0,0,0,0,0,0,0,0,0,0,0,0,0,0,0,0,0
0,0,0,0,0,0,0,0,0,0,0,0,0,0,0,0,0,0,0,0
0,0,0,0,0,0,0,0,0,0,0,0,0,0,0,0,0,0,0,0
0,0,0,0,0,0,0,0,0,0,0,0,0,0,0,0,0,0,0,0
0,0,0,0,0,0,0,0,0,0,0,0,0,0,0,0,0,0,0,0
0,0,0,0,0,0,0,0,0,0,0,0,0,0,0,0,0,0,0,0
0,0,0,0,0,0,0,0,0,0,0,0,0,0,0,0,0,0,0,0
0,0,0,0,27,0,0,0,0,0,0,0,0,0,0,0,0,0,0,0
0,52,0,0,4,0,40,0,43,0,0,0,0,0,0,0,0,0,0,0
0,61,0,0,18,0,3,0,78,0,0,0,0,37,0,0,0,0,17,0
0,5,0,0,24,0,16,13,6,0,0,0,25,64,0,44,38,32,51,0
77,22,65,68,11,0,19,21,73,33,9,0,2,10,67,34,50,30,7,80
39,23,36,28,14,69,53,35,15,55,75,48,31,72,29,58,54,79,1,46
8,49,20,45,47,71,59,42,57,66,60,63,74,62,12,76,70,41,26,56
0,0,0,0,0,0,0,0,0,0,0,0,0,0,0,0,0,0,0,0
0,0,0,0,0,0,0,0,0,0,0,0,0,0,0,0,0,0,0,0
0,0,0,0,0,0,0,0,0,0,0,0,0,0,0,0,0,0,0,0
0,0,0,0,0,0,0,0,0,0,0,0,0,0,0,0,0,0,0,0
0,0,0,0,0,0,0,0,0,0,0,0,0,0,0,0,0,0,0,0
0,0,0,0,0,0,0,0,0,0,0,0,0,0,0,0,0,0,0,0
0,0,0,0,0,0,0,0,0,0,0,0,0,0,0,0,0,0,0,0
0,0,0,0,0,0,0,0,0,0,0,0,0,0,0,0,0,0,0,0
0,0,0,0,0,0,0,0,0,0,0,0,0,0,0,0,0,77,0,0
0,4,0,0,0,0,18,0,0,0,0,0,0,0,0,0,0,65,0,0
0,9,0,0,17,33,24,0,43,0,0,0,52,0,0,0,0,69,0,80
0,3,11,27,25,16,30,32,38,44,37,0,40,0,67,0,0,68,0,78
2,5,6,10,13,14,19,21,22,34,36,0,51,54,61,0,0,73,0,79
1,7,15,23,28,29,31,35,39,46,48,50,53,55,58,0,64,72,0,75
8,12,20,26,41,42,45,47,49,56,57,59,60,62,63,66,70,71,74,76
0,0,0,0,0,0,0,0,0,0,0,0,0,0,0,0,0,0,0,0
0,0,0,0,0,0,0,0,0,0,0,0,0,0,0,0,0,0,0,0
0,0,0,0,0,0,0,0,0,0,0,0,0,0,0,0,0,0,0,0
0,0,0,0,0,0,0,0,0,0,0,0,0,0,0,0,0,0,0,0
0,0,0,0,0,0,0,0,0,0,0,0,0,0,0,0,0,0,0,0
0,0,0,0,0,0,0,0,0,0,0,0,0,0,0,0,0,0,0,0
0,0,0,0,0,0,0,0,0,0,0,0,0,0,0,0,0,0,0,0
0,0,0,0,0,0,0,0,0,0,0,0,0,0,0,0,0,0,0,0
0,0,0,0,0,0,40,0,0,0,0,0,0,0,0,0,0,0,0,0
0,0,0,0,0,0,3,0,43,0,0,0,0,0,0,0,0,0,0,0
0,0,0,0,0,0,16,0,78,0,0,0,0,37,0,0,0,0,0,0
77,52,65,68,27,0,19,21,73,0,9,0,2,64,67,0,38,32,0,80
39,61,36,28,14,0,53,35,15,33,75,48,31,10,29,34,50,30,17,46
8,5,20,45,47,71,59,42,57,66,60,63,74,72,12,76,54,41,1,56
24,69,23,70,44,58,13,22,55,79,4,51,6,18,49,62,7,26,11,25
0,0,0,0,0,0,0,0,0,0,0,0,0,0,0,0,0,0,0,0
0,0,0,0,0,0,0,0,0,0,0,0,0,0,0,0,0,0,0,0
0,0,0,0,0,0,0,0,0,0,0,0,0,0,0,0,0,0,0,0
0,0,0,0,0,0,0,0,0,0,0,0,0,0,0,0,0,0,0,0
0,0,0,0,0,0,0,0,0,0,0,0,0,0,0,0,0,0,0,0
0,0,0,0,0,0,0,0,0,0,0,0,0,0,0,0,0,0,0,0
0,0,0,0,0,0,0,0,0,0,0,0,0,0,0,0,0,0,0,0
0,0,0,0,0,0,0,0,0,0,0,0,0,0,0,0,0,0,0,0
0,0,0,0,0,0,0,0,0,0,0,0,0,0,0,0,0,77,0,0
0,0,0,0,0,33,0,0,0,0,0,0,0,0,0,0,0,65,0,0
0,9,0,0,0,16,30,32,0,0,37,0,52,0,0,0,0,68,0,80
2,3,0,0,17,14,19,21,43,34,36,0,40,0,67,0,0,73,0,78
1,5,15,27,28,29,31,35,38,46,48,50,53,0,61,0,0,72,0,75
8,12,20,10,41,42,45,47,39,56,57,59,60,54,63,66,64,71,74,76
4,6,7,11,13,18,22,23,24,25,26,44,49,51,55,58,62,69,70,79
