2004-06-11
0,0,0,0,0,0,0,0,0,0,0,0,0,0,0,0,0,0,0,0
0,0,0,0,0,0,0,0,0,0,0,0,0,0,0,0,0,0,0,0
0,0,0,0,0,0,0,0,0,0,0,0,0,0,0,0,0,0,0,0
0,0,0,0,0,0,0,0,0,0,0,0,0,0,0,0,0,0,0,0
0,0,0,0,0,0,0,0,0,0,0,0,0,0,0,0,0,0,0,0
0,0,0,0,0,0,0,0,0,0,0,0,0,0,0,0,0,0,0,0
0,0,0,0,0,0,0,0,0,0,0,0,0,0,0,0,0,0,0,0
0,0,0,0,0,0,0,0,0,0,0,0,0,0,0,0,0,0,0,0
0,0,0,0,0,0,0,0,0,0,0,0,0,0,0,0,0,0,0,0
0,0,0,0,0,0,0,0,0,0,0,15,0,0,0,0,44,0,0,36
0,0,0,45,0,0,12,0,0,47,0,51,0,0,0,0,55,0,0,10
38,26,77,32,59,0,6,66,0,37,0,72,0,34,11,22,46,0,0,76
64,52,18,33,19,8,14,5,0,57,16,39,49,20,68,75,79,0,1,3
80,21,62,63,23,27,25,65,54,30,69,61,13,74,48,56,35,0,31,67
50,41,29,9,43,2,4,60,7,40,28,73,42,24,53,17,71,58,70,78
0,0,0,0,0,0,0,0,0,0,0,0,0,0,0,0,0,0,0,0
0,0,0,0,0,0,0,0,0,0,0,0,0,0,0,0,0,0,0,0
0,0,0,0,0,0,0,0,0,0,0,0,0,0,0,0,0,0,0,0
0,0,0,0,0,0,0,0,0,0,0,0,0,0,0,0,0,0,0,0
0,0,0,0,0,0,0,0,0,0,0,0,0,0,0,0,0,0,0,0
0,0,0,0,0,0,0,0,0,0,0,0,0,0,0,0,0,0,0,0
0,0,0,0,0,0,0,0,0,0,0,0,0,0,0,0,0,0,0,0
0,0,0,0,0,0,0,0,0,0,0,0,0,0,0,0,0,0,0,0
0,0,0,0,0,0,0,0,0,0,0,0,0,0,0,0,0,0,0,0
0,0,0,0,0,0,0,0,0,0,0,0,0,0,0,0,0,0,0,0
0,0,8,11,15,22,0,38,36,0,0,44,0,0,0,0,0,0,76,0
0,0,5,10,12,20,0,27,34,26,0,46,47,54,55,66,72,0,75,77
0,3,6,16,19,23,0,33,32,39,37,51,52,57,59,68,67,64,74,80
1,13,14,21,18,25,0,30,31,35,45,49,48,56,61,62,63,65,69,79
2,4,7,9,17,24,28,29,40,41,42,43,50,53,58,60,70,71,73,78
0,0,0,0,0,0,0,0,0,0,0,0,0,0,0,0,0,0,0,0
0,0,0,0,0,0,0,0,0,0,0,0,0,0,0,0,0,0,0,0
0,0,0,0,0,0,0,0,0,0,0,0,0,0,0,0,0,0,0,0
0,0,0,0,0,0,0,0,0,0,0,0,0,0,0,0,0,0,0,0
0,0,0,0,0,0,0,0,0,0,0,0,0,0,0,0,0,0,0,0
0,0,0,0,0,0,0,0,0,0,0,0,0,0,0,0,0,0,0,0
0,0,0,0,0,0,0,0,0,0,0,0,0,0,0,0,0,0,0,0
0,0,0,0,0,0,0,0,0,0,0,0,0,0,0,0,0,0,0,0
0,0,0,0,0,0,0,0,0,0,0,0,0,0,0,0,0,0,0,0
0,0,0,0,0,0,12,0,0,0,0,0,0,0,0,0,0,0,0,0
38,0,0,32,59,0,6,0,0,0,0,15,0,0,11,22,0,0,0,36
64,26,77,33,19,0,14,66,0,0,0,51,49,34,68,75,44,0,0,10
80,52,18,63,23,27,25,65,0,47,16,61,13,74,48,56,79,0,31,76
50,21,62,9,43,2,4,60,54,37,28,73,42,24,53,17,71,0,70,78
46,7,58,29,57,3,41,30,1,55,5,40,39,45,20,69,67,72,8,35
0,0,0,0,0,0,0,0,0,0,0,0,0,0,0,0,0,0,0,0
0,0,0,0,0,0,0,0,0,0,0,0,0,0,0,0,0,0,0,0
0,0,0,0,0,0,0,0,0,0,0,0,0,0,0,0,0,0,0,0
0,0,0,0,0,0,0,0,0,0,0,0,0,0,0,0,0,0,0,0
0,0,0,0,0,0,0,0,0,0,0,0,0,0,0,0,0,0,0,0
0,0,0,0,0,0,0,0,0,0,0,0,0,0,0,0,0,0,0,0
0,0,0,0,0,0,0,0,0,0,0,0,0,0,0,0,0,0,0,0
0,0,0,0,0,0,0,0,0,0,0,0,0,0,0,0,0,0,0,0
0,0,0,0,0,0,0,0,0,0,0,0,0,0,0,0,0,0,0,0
0,0,0,11,15,0,0,0,0,0,0,0,0,0,0,0,0,0,0,0
0,0,0,10,12,22,0,0,36,0,0,44,47,0,0,66,0,0,76,77
0,0,0,16,19,23,0,38,34,0,0,51,52,54,0,68,0,64,75,80
0,13,6,21,18,25,0,27,32,0,37,49,48,56,59,62,63,65,74,79
2,4,14,9,17,24,28,33,31,26,42,43,50,53,61,60,70,71,73,78
1,3,5,7,8,20,29,30,35,39,40,41,45,46,55,57,58,67,69,72
