2004-06-18
0,0,0,0,0,0,0,0,0,0,0,0,0,0,0,0,0,0,0,0
0,0,0,0,0,0,0,0,0,0,0,0,0,0,0,0,0,0,0,0
0,0,0,0,0,0,0,0,0,0,0,0,0,0,0,0,0,0,0,0
0,0,0,0,0,0,0,0,0,0,0,0,0,0,0,0,0,0,0,0
0,0,0,0,0,0,0,0,0,0,0,0,0,0,0,0,0,0,0,0
0,0,0,0,0,0,0,0,0,0,0,0,0,0,0,0,0,0,0,0
0,0,0,0,0,0,0,0,0,0,0,0,0,0,0,0,0,0,0,0
0,0,0,0,0,0,0,0,0,0,0,51,0,0,0,0,0,0,0,0
0,0,0,0,0,0,0,0,0,0,0,40,0,0,0,0,0,0,0,0
0,0,0,0,0,0,0,0,0,0,0,76,0,0,0,0,0,0,0,0
0,0,0,0,0,0,0,0,0,37,0,8,0,0,0,56,0,0,70,0
64,0,77,63,61,75,6,0,0,46,68,23,0,0,55,69,0,13,41,4
27,44,45,49,54,62,15,52,50,31,32,11,17,34,58,2,0,72,35,74
48,42,22,7,3,43,24,26,60,78,71,28,53,18,79,47,25,66,9,36
14,29,39,12,80,19,73,59,5,16,33,38,30,65,57,21,20,10,67,1
0,0,0,0,0,0,0,0,0,0,0,0,0,0,0,0,0,0,0,0
0,0,0,0,0,0,0,0,0,0,0,0,0,0,0,0,0,0,0,0
0,0,0,0,0,0,0,0,0,0,0,0,0,0,0,0,0,0,0,0
0,0,0,0,0,0,0,0,0,0,0,0,0,0,0,0,0,0,0,0
0,0,0,0,0,0,0,0,0,0,0,0,0,0,0,0,0,0,0,0
0,0,0,0,0,0,0,0,0,0,0,0,0,0,0,0,0,0,0,0
0,0,0,0,0,0,0,0,0,0,0,0,0,0,0,0,0,0,0,0
0,0,0,0,0,0,0,0,0,0,0,0,0,0,0,0,0,0,0,0
0,0,0,0,0,0,0,0,0,0,0,0,0,0,0,0,0,0,0,0
0,0,6,0,0,0,0,0,0,0,0,0,0,56,0,0,63,0,69,0
0,0,8,0,0,0,0,0,34,0,0,51,0,41,0,0,70,64,75,0
4,0,13,0,0,0,0,0,25,46,37,45,49,55,0,61,68,62,74,77
2,0,11,23,0,17,27,0,31,32,40,50,54,43,44,52,58,60,72,76
3,0,7,9,15,18,22,24,26,28,35,36,42,47,48,53,66,71,78,79
1,5,10,12,14,16,19,20,21,29,30,33,38,39,57,59,65,67,73,80
0,0,0,0,0,0,0,0,0,0,0,0,0,0,0,0,0,0,0,0
0,0,0,0,0,0,0,0,0,0,0,0,0,0,0,0,0,0,0,0
0,0,0,0,0,0,0,0,0,0,0,0,0,0,0,0,0,0,0,0
0,0,0,0,0,0,0,0,0,0,0,0,0,0,0,0,0,0,0,0
0,0,0,0,0,0,0,0,0,0,0,0,0,0,0,0,0,0,0,0
0,0,0,0,0,0,0,0,0,0,0,0,0,0,0,0,0,0,0,0
0,0,0,0,0,0,0,0,0,0,0,0,0,0,0,0,0,0,0,0
0,0,0,0,0,0,0,0,0,0,0,40,0,0,0,0,0,0,0,0
0,0,0,0,0,0,0,0,0,0,0,76,0,0,0,0,0,0,0,0
0,0,0,0,0,0,0,0,0,0,0,8,0,0,0,0,0,0,0,0
0,0,77,0,0,0,0,0,0,0,0,23,0,0,55,56,0,13,0,0
64,0,45,63,0,75,6,0,50,0,68,11,0,0,58,69,0,72,0,74
27,42,22,49,61,62,24,52,60,31,32,28,53,34,79,2,25,66,9,36
14,29,39,12,3,43,73,26,5,78,71,38,30,18,57,21,20,10,67,1
48,37,16,59,33,70,17,44,54,51,80,35,19,15,7,4,46,47,65,41
0,0,0,0,0,0,0,0,0,0,0,0,0,0,0,0,0,0,0,0
0,0,0,0,0,0,0,0,0,0,0,0,0,0,0,0,0,0,0,0
0,0,0,0,0,0,0,0,0,0,0,0,0,0,0,0,0,0,0,0
0,0,0,0,0,0,0,0,0,0,0,0,0,0,0,0,0,0,0,0
0,0,0,0,0,0,0,0,0,0,0,0,0,0,0,0,0,0,0,0
0,0,0,0,0,0,0,0,0,0,0,0,0,0,0,0,0,0,0,0
0,0,0,0,0,0,0,0,0,0,0,0,0,0,0,0,0,0,0,0
0,0,0,0,0,0,0,0,0,0,0,0,0,0,0,0,0,0,0,0
0,0,0,0,0,0,0,0,0,0,0,0,0,0,0,0,0,0,69,0
0,0,6,0,0,0,0,0,34,0,0,0,0,0,0,0,0,64,75,0
0,0,8,0,0,0,0,0,25,0,0,0,0,56,0,0,63,62,74,0
2,0,13,23,0,0,0,0,31,32,0,45,49,55,0,61,68,60,72,77
3,0,11,9,0,0,27,24,26,28,40,50,42,43,0,52,58,71,78,76
1,5,10,12,14,18,22,20,21,29,30,36,38,39,57,53,66,67,73,79
4,7,15,16,17,19,33,35,37,41,44,46,47,48,51,54,59,65,70,80
