2004-08-18
0,0,0,0,0,0,0,0,0,0,0,0,0,0,0,0,0,0,0,0
0,0,0,0,0,0,0,0,0,0,0,0,0,0,0,0,0,0,0,0
0,0,0,0,0,0,0,0,0,0,0,0,0,0,0,0,0,0,0,0
0,0,0,0,0,0,0,0,0,0,0,0,0,0,0,0,0,0,0,0
0,0,0,0,0,0,0,0,0,0,0,0,0,0,0,0,0,0,0,0
0,0,0,0,0,0,0,0,0,0,0,0,0,0,0,0,0,0,0,0
0,0,0,0,0,0,0,0,0,0,0,0,0,0,0,0,0,0,0,0
0,0,0,0,0,0,0,0,0,0,0,0,0,0,0,0,0,0,0,0
0,0,0,0,0,0,0,0,0,0,0,0,0,0,0,0,0,0,0,0
0,0,0,0,0,0,0,80,0,0,0,73,0,0,0,0,0,0,0,0
0,0,0,23,0,0,0,3,0,0,0,74,0,34,48,0,0,0,0,0
0,18,5,1,4,59,44,66,61,0,32,31,0,62,33,0,29,0,76,26
0,53,70,19,28,42,20,40,12,0,35,52,13,27,11,75,55,2,14,22
43,37,63,39,64,49,50,57,68,15,36,10,72,38,6,30,54,71,25,67
41,21,47,77,7,79,24,45,9,51,16,17,8,78,69,65,58,46,56,60
0,0,0,0,0,0,0,0,0,0,0,0,0,0,0,0,0,0,0,0
0,0,0,0,0,0,0,0,0,0,0,0,0,0,0,0,0,0,0,0
0,0,0,0,0,0,0,0,0,0,0,0,0,0,0,0,0,0,0,0
0,0,0,0,0,0,0,0,0,0,0,0,0,0,0,0,0,0,0,0
0,0,0,0,0,0,0,0,0,0,0,0,0,0,0,0,0,0,0,0
0,0,0,0,0,0,0,0,0,0,0,0,0,0,0,0,0,0,0,0
0,0,0,0,0,0,0,0,0,0,0,0,0,0,0,0,0,0,0,0
0,0,0,0,0,0,0,0,0,0,0,0,0,0,0,0,0,0,0,0
0,0,0,0,18,0,0,0,0,0,0,0,0,0,0,0,0,0,0,0
2,0,0,0,15,0,0,0,0,0,0,0,0,0,0,0,0,0,0,0
1,0,12,0,20,0,0,0,0,48,0,0,0,59,44,0,61,0,75,0
4,0,11,0,29,31,35,23,0,34,0,43,0,53,68,0,70,0,74,0
5,3,26,0,19,22,27,28,32,42,33,50,0,52,62,0,66,73,76,80
6,10,13,14,25,30,36,38,39,37,40,54,49,57,55,63,64,67,71,72
7,8,9,16,17,21,24,41,45,46,47,51,56,58,60,65,69,77,78,79
0,0,0,0,0,0,0,0,0,0,0,0,0,0,0,0,0,0,0,0
0,0,0,0,0,0,0,0,0,0,0,0,0,0,0,0,0,0,0,0
0,0,0,0,0,0,0,0,0,0,0,0,0,0,0,0,0,0,0,0
0,0,0,0,0,0,0,0,0,0,0,0,0,0,0,0,0,0,0,0
0,0,0,0,0,0,0,0,0,0,0,0,0,0,0,0,0,0,0,0
0,0,0,0,0,0,0,0,0,0,0,0,0,0,0,0,0,0,0,0
0,0,0,0,0,0,0,0,0,0,0,0,0,0,0,0,0,0,0,0
0,0,0,0,0,0,0,0,0,0,0,0,0,0,0,0,0,0,0,0
0,0,0,0,0,0,0,0,0,0,0,0,0,0,0,0,0,0,0,0
0,0,0,0,0,0,0,80,0,0,0,0,0,0,0,0,0,0,0,0
0,18,5,23,0,0,0,3,0,0,0,73,0,34,33,0,29,0,0,26
0,53,70,1,4,0,0,66,12,0,0,74,0,62,11,0,55,0,76,22
43,37,63,19,28,59,50,40,68,0,32,31,0,38,6,75,54,2,14,67
41,21,47,39,7,79,24,45,9,51,35,52,13,78,69,65,58,46,25,60
72,48,64,42,61,57,71,44,15,20,36,16,30,17,8,49,77,27,10,56
0,0,0,0,0,0,0,0,0,0,0,0,0,0,0,0,0,0,0,0
0,0,0,0,0,0,0,0,0,0,0,0,0,0,0,0,0,0,0,0
0,0,0,0,0,0,0,0,0,0,0,0,0,0,0,0,0,0,0,0
0,0,0,0,0,0,0,0,0,0,0,0,0,0,0,0,0,0,0,0
0,0,0,0,0,0,0,0,0,0,0,0,0,0,0,0,0,0,0,0
0,0,0,0,0,0,0,0,0,0,0,0,0,0,0,0,0,0,0,0
0,0,0,0,0,0,0,0,0,0,0,0,0,0,0,0,0,0,0,0
0,0,0,0,0,0,0,0,0,0,0,0,0,0,0,0,0,0,0,0
2,0,0,0,0,0,0,0,0,0,0,0,0,0,0,0,0,0,0,0
1,0,12,0,0,0,0,0,0,0,0,0,0,0,0,0,0,0,0,0
4,0,11,0,18,0,0,23,0,0,0,43,0,59,68,0,0,0,75,0
5,0,26,0,29,31,0,28,32,34,33,50,0,53,62,0,70,0,74,0
6,0,13,0,19,22,35,38,39,37,40,54,0,52,55,63,66,73,76,80
7,3,9,14,25,21,24,41,45,46,47,51,0,58,60,65,69,67,78,79
8,10,15,16,17,20,27,30,36,42,44,48,49,56,57,61,64,71,72,77
