2004-09-24
0,0,0,0,0,0,0,0,0,0,0,0,0,0,0,0,0,0,0,0
0,0,0,0,0,0,0,0,0,0,0,0,0,0,0,0,0,0,0,0
0,0,0,0,0,0,0,0,0,0,0,0,0,0,0,0,0,0,0,0
0,0,0,0,0,0,0,0,0,0,0,0,0,0,0,0,0,0,0,0
0,0,0,0,0,0,0,0,0,0,0,0,0,0,0,0,0,0,0,0
0,0,0,0,0,0,0,0,0,0,0,0,0,0,0,0,0,0,0,0
0,0,0,0,0,0,0,0,0,0,0,0,0,0,0,0,0,0,0,0
0,0,0,0,0,0,0,0,0,0,0,0,0,0,0,0,0,0,0,0
0,0,0,0,0,0,0,0,0,67,0,0,0,0,0,0,0,0,0,0
0,0,0,0,0,0,0,0,0,56,0,0,0,0,0,5,0,0,0,0
0,11,76,0,0,43,0,10,0,26,0,0,0,0,0,77,80,0,0,59
0,34,72,0,0,14,0,29,0,46,0,0,48,0,16,41,4,42,0,69
12,22,38,39,15,74,79,71,0,50,0,18,7,64,70,25,19,32,13,63
55,52,2,73,58,57,65,49,54,68,6,33,28,8,53,44,66,20,37,40
31,3,23,21,75,30,45,17,35,36,60,24,51,78,9,62,61,1,27,47
0,0,0,0,0,0,0,0,0,0,0,0,0,0,0,0,0,0,0,0
0,0,0,0,0,0,0,0,0,0,0,0,0,0,0,0,0,0,0,0
0,0,0,0,0,0,0,0,0,0,0,0,0,0,0,0,0,0,0,0
0,0,0,0,0,0,0,0,0,0,0,0,0,0,0,0,0,0,0,0
0,0,0,0,0,0,0,0,0,0,0,0,0,0,0,0,0,0,0,0
0,0,0,0,0,0,0,0,0,0,0,0,0,0,0,0,0,0,0,0
0,0,0,0,0,0,0,0,0,0,0,0,0,0,0,0,0,0,0,0
0,0,0,0,0,0,0,0,0,0,0,0,0,0,0,0,0,0,0,0
0,0,0,0,0,0,0,0,0,0,0,0,0,0,0,0,0,0,0,0
0,15,10,0,0,0,0,0,0,42,0,0,0,0,0,0,0,67,0,0
0,6,18,0,0,0,0,0,0,39,0,0,0,56,0,59,0,69,76,0
5,11,13,0,0,26,0,25,32,43,38,0,0,46,0,58,0,64,72,80
4,12,20,14,0,19,0,50,29,34,54,0,63,48,0,70,71,73,74,77
2,7,8,22,16,28,33,37,40,44,49,41,52,53,55,57,65,66,68,79
1,3,9,17,21,23,24,27,30,31,35,36,45,47,51,60,61,62,75,78
0,0,0,0,0,0,0,0,0,0,0,0,0,0,0,0,0,0,0,0
0,0,0,0,0,0,0,0,0,0,0,0,0,0,0,0,0,0,0,0
0,0,0,0,0,0,0,0,0,0,0,0,0,0,0,0,0,0,0,0
0,0,0,0,0,0,0,0,0,0,0,0,0,0,0,0,0,0,0,0
0,0,0,0,0,0,0,0,0,0,0,0,0,0,0,0,0,0,0,0
0,0,0,0,0,0,0,0,0,0,0,0,0,0,0,0,0,0,0,0
0,0,0,0,0,0,0,0,0,0,0,0,0,0,0,0,0,0,0,0
0,0,0,0,0,0,0,0,0,0,0,0,0,0,0,0,0,0,0,0
0,0,0,0,0,0,0,0,0,0,0,0,0,0,0,0,0,0,0,0
0,0,76,0,0,0,0,0,0,67,0,0,0,0,0,0,0,0,0,0
0,0,72,0,0,0,0,0,0,56,0,0,0,0,0,5,80,0,0,0
0,11,38,39,15,0,79,29,0,26,0,0,7,0,16,41,4,42,13,59
55,22,2,73,58,57,65,49,54,50,6,18,28,8,70,44,19,20,37,63
31,52,23,21,75,30,45,17,35,36,60,24,51,78,9,62,66,1,27,47
3,69,46,74,71,68,40,12,48,33,25,10,61,53,43,64,77,14,34,32
0,0,0,0,0,0,0,0,0,0,0,0,0,0,0,0,0,0,0,0
0,0,0,0,0,0,0,0,0,0,0,0,0,0,0,0,0,0,0,0
0,0,0,0,0,0,0,0,0,0,0,0,0,0,0,0,0,0,0,0
0,0,0,0,0,0,0,0,0,0,0,0,0,0,0,0,0,0,0,0
0,0,0,0,0,0,0,0,0,0,0,0,0,0,0,0,0,0,0,0
0,0,0,0,0,0,0,0,0,0,0,0,0,0,0,0,0,0,0,0
0,0,0,0,0,0,0,0,0,0,0,0,0,0,0,0,0,0,0,0
0,0,0,0,0,0,0,0,0,0,0,0,0,0,0,0,0,0,0,0
0,0,0,0,0,0,0,0,0,0,0,0,0,0,0,0,0,0,0,0
0,0,18,0,0,0,0,0,0,0,0,0,0,0,0,59,0,0,0,0
5,15,13,0,0,26,0,0,0,42,38,0,0,0,0,58,0,67,0,0
4,6,20,0,0,19,0,50,0,39,54,0,63,0,0,70,0,73,76,80
2,11,8,22,16,28,0,37,29,44,49,41,52,56,55,57,0,66,72,79
1,7,9,17,21,23,24,27,30,31,35,36,45,47,51,60,65,62,75,78
3,10,12,14,25,32,33,34,40,43,46,48,53,61,64,68,69,71,74,77
