2004-09-28
0,0,0,0,0,0,0,0,0,0,0,0,0,0,0,0,0,0,0,0
0,0,0,0,0,0,0,0,0,0,0,0,0,0,0,0,0,0,0,0
0,0,0,0,0,0,0,0,0,0,0,0,0,0,0,0,0,0,0,0
0,0,0,0,0,0,0,0,0,0,0,0,0,0,0,0,0,0,0,0
0,0,0,0,0,0,0,0,0,0,0,0,0,0,0,0,0,0,0,0
0,0,0,0,0,0,0,0,0,0,0,0,0,0,0,0,0,0,0,0
0,0,0,0,0,0,0,0,0,0,0,0,0,0,0,0,0,0,0,0
0,0,0,0,0,0,0,0,0,0,0,0,0,0,0,0,0,0,0,0
0,0,0,0,0,0,0,0,0,0,0,0,0,0,0,0,0,0,0,0
0,0,0,0,0,0,0,0,0,56,0,0,0,0,0,0,80,0,0,0
0,0,72,0,0,57,0,0,0,26,0,0,0,0,16,5,19,0,13,59
0,11,38,74,58,68,45,29,0,50,0,0,0,0,70,41,66,1,37,63
0,22,17,20,76,48,67,10,35,6,0,0,7,0,9,44,77,18,34,47
31,69,15,78,27,4,49,3,23,79,55,71,43,28,36,51,54,14,8,21
73,32,65,30,60,39,24,75,61,52,42,25,64,2,62,53,33,40,46,12
0,0,0,0,0,0,0,0,0,0,0,0,0,0,0,0,0,0,0,0
0,0,0,0,0,0,0,0,0,0,0,0,0,0,0,0,0,0,0,0
0,0,0,0,0,0,0,0,0,0,0,0,0,0,0,0,0,0,0,0
0,0,0,0,0,0,0,0,0,0,0,0,0,0,0,0,0,0,0,0
0,0,0,0,0,0,0,0,0,0,0,0,0,0,0,0,0,0,0,0
0,0,0,0,0,0,0,0,0,0,0,0,0,0,0,0,0,0,0,0
0,0,0,0,0,0,0,0,0,0,0,0,0,0,0,0,0,0,0,0
0,0,0,0,0,0,0,0,0,0,0,0,0,0,0,0,0,0,0,0
0,0,0,0,0,0,0,0,0,0,0,0,0,0,0,59,0,0,0,0
0,0,0,0,0,0,0,0,0,0,0,0,0,0,0,58,0,0,0,0
0,11,13,0,0,26,0,50,0,0,0,0,0,56,0,70,0,0,72,0
5,7,9,0,0,19,0,37,0,44,38,41,63,47,0,57,0,0,74,80
1,6,10,22,16,17,18,34,29,31,35,48,45,55,0,68,69,66,76,77
3,4,8,14,15,21,23,20,27,36,28,43,49,51,0,54,67,71,78,79
2,12,24,25,30,32,33,39,40,42,46,52,53,60,61,62,64,65,73,75
0,0,0,0,0,0,0,0,0,0,0,0,0,0,0,0,0,0,0,0
0,0,0,0,0,0,0,0,0,0,0,0,0,0,0,0,0,0,0,0
0,0,0,0,0,0,0,0,0,0,0,0,0,0,0,0,0,0,0,0
0,0,0,0,0,0,0,0,0,0,0,0,0,0,0,0,0,0,0,0
0,0,0,0,0,0,0,0,0,0,0,0,0,0,0,0,0,0,0,0
0,0,0,0,0,0,0,0,0,0,0,0,0,0,0,0,0,0,0,0
0,0,0,0,0,0,0,0,0,0,0,0,0,0,0,0,0,0,0,0
0,0,0,0,0,0,0,0,0,0,0,0,0,0,0,0,0,0,0,0
0,0,0,0,0,0,0,0,0,0,0,0,0,0,0,0,0,0,0,0
0,0,0,0,0,0,0,0,0,0,0,0,0,0,0,5,0,0,0,0
0,0,72,74,0,0,45,0,0,56,0,0,0,0,16,41,0,1,0,59
0,11,38,20,58,57,67,0,35,26,0,0,0,0,70,44,80,18,0,63
31,22,17,78,76,48,49,3,23,6,55,0,43,28,9,51,19,14,0,21
73,69,15,30,27,4,24,75,61,79,42,71,64,2,62,53,77,40,34,12
10,54,33,8,13,32,25,60,7,46,47,29,65,36,66,39,37,68,50,52
0,0,0,0,0,0,0,0,0,0,0,0,0,0,0,0,0,0,0,0
0,0,0,0,0,0,0,0,0,0,0,0,0,0,0,0,0,0,0,0
0,0,0,0,0,0,0,0,0,0,0,0,0,0,0,0,0,0,0,0
0,0,0,0,0,0,0,0,0,0,0,0,0,0,0,0,0,0,0,0
0,0,0,0,0,0,0,0,0,0,0,0,0,0,0,0,0,0,0,0
0,0,0,0,0,0,0,0,0,0,0,0,0,0,0,0,0,0,0,0
0,0,0,0,0,0,0,0,0,0,0,0,0,0,0,0,0,0,0,0
0,0,0,0,0,0,0,0,0,0,0,0,0,0,0,0,0,0,0,0
0,0,0,0,0,0,0,0,0,0,0,0,0,0,0,0,0,0,0,0
0,0,0,0,0,0,0,0,0,0,0,0,0,0,0,59,0,0,72,0
5,11,0,0,0,26,0,0,0,0,0,0,63,0,0,58,0,0,74,80
1,6,0,0,16,19,0,0,0,44,38,41,45,56,0,70,69,0,76,77
3,4,9,22,15,17,18,34,27,31,35,48,49,55,0,57,67,0,78,79
2,12,24,14,30,21,23,20,40,42,28,43,53,51,61,62,64,71,73,75
7,8,10,13,25,29,32,33,36,37,39,46,47,50,52,54,60,65,66,68
