2004-10-07
0,0,0,0,0,0,0,0,0,0,0,0,0,0,0,0,0,0,0,0
0,0,0,0,0,0,0,0,0,0,0,0,0,0,0,0,0,0,0,0
0,0,0,0,0,0,0,0,0,0,0,0,0,0,0,0,0,0,0,0
0,0,0,0,0,0,0,0,0,0,0,0,0,0,0,0,0,0,0,0
0,0,0,0,0,0,0,0,0,0,0,0,0,0,0,0,0,0,0,0
0,0,0,0,0,0,0,0,0,0,0,0,0,0,0,0,0,0,0,0
0,0,0,0,0,0,0,0,0,0,0,0,0,0,0,0,0,0,0,0
0,0,0,0,0,0,0,0,0,0,0,0,0,0,0,0,0,0,0,59
0,0,77,0,0,0,0,0,0,0,0,0,0,0,0,0,0,0,0,75
0,0,60,0,0,0,0,0,7,0,0,0,0,0,0,0,0,0,0,67
0,0,18,78,0,0,25,0,43,0,55,0,0,0,0,0,0,0,0,47
0,0,3,11,0,68,64,30,66,0,52,58,65,79,0,0,80,0,0,32
57,0,41,15,26,16,28,42,34,0,27,14,54,9,13,33,48,0,0,10
44,62,71,50,51,38,2,6,1,46,70,35,69,19,21,8,31,56,73,36
22,17,40,12,29,61,53,20,45,39,24,74,5,72,49,23,37,76,63,4
0,0,0,0,0,0,0,0,0,0,0,0,0,0,0,0,0,0,0,0
0,0,0,0,0,0,0,0,0,0,0,0,0,0,0,0,0,0,0,0
0,0,0,0,0,0,0,0,0,0,0,0,0,0,0,0,0,0,0,0
0,0,0,0,0,0,0,0,0,0,0,0,0,0,0,0,0,0,0,0
0,0,0,0,0,0,0,0,0,0,0,0,0,0,0,0,0,0,0,0
0,0,0,0,0,0,0,0,0,0,0,0,0,0,0,0,0,0,0,0
0,0,0,0,0,0,0,0,0,0,0,0,0,0,0,0,0,0,0,0
0,0,0,0,0,0,0,0,0,0,0,0,0,0,0,0,0,0,0,0
0,0,0,0,0,0,0,0,0,0,0,0,0,0,0,0,0,0,0,0
0,0,0,0,0,0,0,0,0,0,0,0,0,0,0,59,0,0,0,0
0,0,13,0,0,0,0,0,0,54,0,0,0,55,0,67,0,65,0,80
7,0,30,18,25,0,0,0,0,33,57,46,0,47,64,52,58,68,78,77
3,11,15,10,14,28,26,27,0,34,43,60,62,41,42,50,66,69,75,79
1,2,9,6,8,16,19,21,32,31,35,36,38,44,48,51,56,70,71,73
4,5,12,17,20,22,23,24,29,37,39,40,45,49,53,61,63,72,74,76
0,0,0,0,0,0,0,0,0,0,0,0,0,0,0,0,0,0,0,0
0,0,0,0,0,0,0,0,0,0,0,0,0,0,0,0,0,0,0,0
0,0,0,0,0,0,0,0,0,0,0,0,0,0,0,0,0,0,0,0
0,0,0,0,0,0,0,0,0,0,0,0,0,0,0,0,0,0,0,0
0,0,0,0,0,0,0,0,0,0,0,0,0,0,0,0,0,0,0,0
0,0,0,0,0,0,0,0,0,0,0,0,0,0,0,0,0,0,0,0
0,0,0,0,0,0,0,0,0,0,0,0,0,0,0,0,0,0,0,59
0,0,0,0,0,0,0,0,0,0,0,0,0,0,0,0,0,0,0,75
0,0,77,0,0,0,0,0,0,0,0,0,0,0,0,0,0,0,0,67
0,0,60,0,0,0,0,0,0,0,0,0,0,0,0,0,0,0,0,47
0,0,18,0,0,68,25,0,66,0,55,0,0,0,0,0,0,0,0,32
57,0,3,11,0,16,64,30,34,0,52,0,65,9,0,0,80,0,0,10
44,62,41,15,51,38,2,42,1,0,27,14,54,19,0,33,48,0,0,36
22,17,71,50,29,61,53,20,45,39,24,74,69,72,49,8,37,56,63,4
78,58,6,5,40,73,46,26,70,43,35,28,23,76,12,7,21,79,31,13
0,0,0,0,0,0,0,0,0,0,0,0,0,0,0,0,0,0,0,0
0,0,0,0,0,0,0,0,0,0,0,0,0,0,0,0,0,0,0,0
0,0,0,0,0,0,0,0,0,0,0,0,0,0,0,0,0,0,0,0
0,0,0,0,0,0,0,0,0,0,0,0,0,0,0,0,0,0,0,0
0,0,0,0,0,0,0,0,0,0,0,0,0,0,0,0,0,0,0,0
0,0,0,0,0,0,0,0,0,0,0,0,0,0,0,0,0,0,0,0
0,0,0,0,0,0,0,0,0,0,0,0,0,0,0,0,0,0,0,0
0,0,0,0,0,0,0,0,0,0,0,0,0,0,0,0,0,0,0,0
0,0,0,0,0,0,0,0,0,0,0,0,0,0,0,59,0,0,0,0
0,0,0,0,0,0,0,0,0,0,0,0,0,55,0,67,0,0,0,0
0,0,0,0,25,0,0,0,0,54,0,0,0,47,64,52,0,65,0,0
3,0,30,18,14,0,0,0,0,33,0,0,62,41,42,50,66,68,75,0
1,11,15,10,8,16,0,27,32,34,57,60,38,44,48,51,56,69,71,80
4,2,9,17,20,22,19,24,29,37,39,36,45,49,53,61,63,72,74,77
5,6,7,12,13,21,23,26,28,31,35,40,43,46,58,70,73,76,78,79
