2004-10-22
0,0,0,0,0,0,0,0,0,0,0,0,0,0,0,0,0,0,0,0
0,0,0,0,0,0,0,0,0,0,0,0,0,0,0,0,0,0,0,0
0,0,0,0,0,0,0,0,0,0,0,0,0,0,0,0,0,0,0,0
0,0,0,0,0,0,0,0,0,0,0,0,0,0,0,0,0,0,0,0
0,0,0,0,0,0,0,0,0,0,0,0,0,0,0,0,0,0,0,0
0,0,0,0,0,0,0,0,0,0,0,0,0,0,0,0,0,0,0,0
0,0,0,0,0,0,0,0,0,0,0,0,0,0,0,0,0,0,0,0
0,0,0,0,0,0,0,0,0,0,0,0,0,0,0,0,0,0,0,0
0,0,0,0,0,0,0,0,0,0,52,0,0,0,68,0,0,0,0,0
0,0,0,0,0,0,0,0,66,0,25,0,0,0,39,0,0,0,0,0
0,0,0,0,0,0,0,0,71,0,67,0,0,0,19,0,48,0,0,0
38,0,1,29,9,4,42,78,14,50,61,5,0,0,11,0,37,0,0,75
23,47,2,69,20,17,31,76,24,40,62,46,27,0,72,0,7,0,45,30
73,58,28,6,63,41,16,79,65,18,32,74,35,33,34,13,22,54,57,26
43,77,15,10,64,53,49,44,51,21,36,59,55,60,70,80,12,3,56,8
0,0,0,0,0,0,0,0,0,0,0,0,0,0,0,0,0,0,0,0
0,0,0,0,0,0,0,0,0,0,0,0,0,0,0,0,0,0,0,0
0,0,0,0,0,0,0,0,0,0,0,0,0,0,0,0,0,0,0,0
0,0,0,0,0,0,0,0,0,0,0,0,0,0,0,0,0,0,0,0
0,0,0,0,0,0,0,0,0,0,0,0,0,0,0,0,0,0,0,0
0,0,0,0,0,0,0,0,0,0,0,0,0,0,0,0,0,0,0,0
0,0,0,0,0,0,0,0,0,0,0,0,0,0,0,0,0,0,0,0
0,0,0,0,0,0,0,0,0,0,0,0,0,0,0,0,0,0,0,0
0,0,0,0,0,0,0,0,0,0,0,0,0,0,0,0,0,0,0,0
1,0,0,0,0,30,0,27,0,0,0,0,0,0,0,52,66,0,0,0
4,0,0,0,11,25,0,23,0,37,0,0,0,0,0,71,68,0,75,0
5,0,0,14,26,31,0,40,0,42,0,38,50,0,0,69,67,0,78,0
2,7,0,16,17,20,19,22,39,29,0,58,61,45,48,57,62,0,72,76
6,9,13,18,28,32,34,35,24,41,0,33,54,46,47,63,65,73,74,79
3,8,10,12,15,21,36,43,44,49,51,53,55,56,59,60,64,70,77,80
0,0,0,0,0,0,0,0,0,0,0,0,0,0,0,0,0,0,0,0
0,0,0,0,0,0,0,0,0,0,0,0,0,0,0,0,0,0,0,0
0,0,0,0,0,0,0,0,0,0,0,0,0,0,0,0,0,0,0,0
0,0,0,0,0,0,0,0,0,0,0,0,0,0,0,0,0,0,0,0
0,0,0,0,0,0,0,0,0,0,0,0,0,0,0,0,0,0,0,0
0,0,0,0,0,0,0,0,0,0,0,0,0,0,0,0,0,0,0,0
0,0,0,0,0,0,0,0,0,0,0,0,0,0,0,0,0,0,0,0
0,0,0,0,0,0,0,0,0,0,0,0,0,0,0,0,0,0,0,0
0,0,0,0,0,0,0,0,0,0,0,0,0,0,68,0,0,0,0,0
0,0,0,0,0,0,0,0,66,0,0,0,0,0,19,0,0,0,0,0
0,0,0,0,9,0,42,0,71,0,0,0,0,0,11,0,0,0,0,0
38,47,1,0,20,4,31,0,14,50,52,5,27,0,72,0,0,0,45,30
73,58,28,0,63,17,16,78,24,40,67,46,35,33,34,13,48,54,57,26
43,77,15,10,64,41,49,76,51,21,32,74,55,60,70,80,7,3,56,8
79,18,44,25,59,6,2,75,36,65,61,23,69,62,37,29,12,53,22,39
0,0,0,0,0,0,0,0,0,0,0,0,0,0,0,0,0,0,0,0
0,0,0,0,0,0,0,0,0,0,0,0,0,0,0,0,0,0,0,0
0,0,0,0,0,0,0,0,0,0,0,0,0,0,0,0,0,0,0,0
0,0,0,0,0,0,0,0,0,0,0,0,0,0,0,0,0,0,0,0
0,0,0,0,0,0,0,0,0,0,0,0,0,0,0,0,0,0,0,0
0,0,0,0,0,0,0,0,0,0,0,0,0,0,0,0,0,0,0,0
0,0,0,0,0,0,0,0,0,0,0,0,0,0,0,0,0,0,0,0
0,0,0,0,0,0,0,0,0,0,0,0,0,0,0,0,0,0,0,0
0,0,0,0,0,0,0,0,0,0,0,0,0,0,0,0,0,0,0,0
0,0,0,0,11,30,0,0,0,0,0,0,0,0,0,52,0,0,0,0
1,0,0,0,26,31,0,27,0,0,0,0,0,0,0,71,66,0,78,0
4,7,0,0,17,20,0,40,0,42,0,38,50,45,0,57,68,0,72,0
5,9,13,14,28,32,19,35,0,41,0,58,54,46,48,63,67,73,74,76
3,8,10,16,15,21,34,43,24,49,51,33,55,56,47,60,64,70,77,80
2,6,12,18,22,23,25,29,36,37,39,44,53,59,61,62,65,69,75,79
