2005-05-07
0,0,0,0,0,0,0,0,0,0,0,0,0,0,0,0,0,0,0,0
0,0,0,0,0,0,0,0,0,0,0,0,0,0,0,0,0,0,0,0
0,0,0,0,0,0,0,0,0,0,0,0,0,0,0,0,0,0,0,0
0,0,0,0,0,0,0,0,0,0,0,0,0,0,0,0,0,0,0,0
0,0,0,0,0,0,0,0,0,0,0,0,0,0,0,0,0,0,0,0
0,0,0,0,0,0,0,0,0,0,0,0,0,0,0,0,0,0,0,0
0,0,0,0,0,0,0,0,0,0,0,0,0,0,0,0,0,0,0,0
0,0,0,0,0,0,0,0,0,0,0,0,0,0,0,0,0,0,0,0
0,0,0,0,0,0,69,0,0,0,0,0,0,0,0,0,0,0,0,0
0,0,0,0,0,0,26,0,0,0,0,0,0,0,15,38,0,0,0,1
0,0,0,0,0,0,22,0,0,10,0,0,0,0,5,14,0,0,4,60
0,0,0,24,0,0,39,13,0,6,0,65,49,0,19,51,0,73,34,21
56,3,20,44,46,50,48,43,0,7,62,12,61,0,25,63,47,74,36,28
29,17,41,70,35,42,9,64,80,79,8,75,78,77,23,33,53,55,16,45
66,31,18,27,11,58,59,52,76,32,2,72,68,71,67,54,57,37,40,30
0,0,0,0,0,0,0,0,0,0,0,0,0,0,0,0,0,0,0,0
0,0,0,0,0,0,0,0,0,0,0,0,0,0,0,0,0,0,0,0
0,0,0,0,0,0,0,0,0,0,0,0,0,0,0,0,0,0,0,0
0,0,0,0,0,0,0,0,0,0,0,0,0,0,0,0,0,0,0,0
0,0,0,0,0,0,0,0,0,0,0,0,0,0,0,0,0,0,0,0
0,0,0,0,0,0,0,0,0,0,0,0,0,0,0,0,0,0,0,0
0,0,0,0,0,0,0,0,0,0,0,0,0,0,0,0,0,0,0,0
0,0,0,0,0,0,0,0,0,0,0,0,0,0,0,0,0,0,0,0
0,4,0,15,0,0,0,0,0,0,0,0,0,0,0,0,0,0,0,0
0,6,0,13,0,0,0,0,0,0,0,0,0,0,0,0,0,0,0,0
14,5,0,20,0,0,22,49,38,0,0,0,0,0,0,0,0,0,0,0
1,3,10,21,0,0,34,24,39,0,44,0,48,60,0,0,69,62,0,0
7,23,12,28,25,19,46,47,50,26,56,43,61,63,0,0,73,74,65,79
8,9,16,17,36,29,33,35,41,42,45,53,55,64,51,70,75,77,78,80
2,11,18,27,30,31,32,37,40,52,54,57,58,59,66,67,68,71,72,76
0,0,0,0,0,0,0,0,0,0,0,0,0,0,0,0,0,0,0,0
0,0,0,0,0,0,0,0,0,0,0,0,0,0,0,0,0,0,0,0
0,0,0,0,0,0,0,0,0,0,0,0,0,0,0,0,0,0,0,0
0,0,0,0,0,0,0,0,0,0,0,0,0,0,0,0,0,0,0,0
0,0,0,0,0,0,0,0,0,0,0,0,0,0,0,0,0,0,0,0
0,0,0,0,0,0,0,0,0,0,0,0,0,0,0,0,0,0,0,0
0,0,0,0,0,0,0,0,0,0,0,0,0,0,0,0,0,0,0,0
0,0,0,0,0,0,0,0,0,0,0,0,0,0,0,0,0,0,0,0
0,0,0,0,0,0,0,0,0,0,0,0,0,0,0,0,0,0,0,0
0,0,0,0,0,0,0,0,0,0,0,0,0,0,0,0,0,0,0,0
0,0,0,0,0,0,26,0,0,6,0,0,49,0,15,38,0,0,0,0
0,3,20,24,46,0,22,43,0,7,62,65,61,0,19,51,0,74,4,60
56,17,41,70,35,42,39,64,80,79,8,75,78,77,25,63,47,55,36,28
29,31,18,27,11,58,59,52,76,32,2,72,68,71,67,33,53,37,16,30
9,54,14,57,44,69,21,12,73,13,10,40,45,34,66,1,5,50,48,23
0,0,0,0,0,0,0,0,0,0,0,0,0,0,0,0,0,0,0,0
0,0,0,0,0,0,0,0,0,0,0,0,0,0,0,0,0,0,0,0
0,0,0,0,0,0,0,0,0,0,0,0,0,0,0,0,0,0,0,0
0,0,0,0,0,0,0,0,0,0,0,0,0,0,0,0,0,0,0,0
0,0,0,0,0,0,0,0,0,0,0,0,0,0,0,0,0,0,0,0
0,0,0,0,0,0,0,0,0,0,0,0,0,0,0,0,0,0,0,0
0,0,0,0,0,0,0,0,0,0,0,0,0,0,0,0,0,0,0,0
0,0,0,0,0,0,0,0,0,0,0,0,0,0,0,0,0,0,0,0
0,0,0,0,0,0,0,0,0,0,0,0,0,0,0,0,0,0,0,0
0,0,0,15,0,0,0,49,0,0,0,0,0,0,0,0,0,0,0,0
0,4,0,20,0,0,22,24,0,0,0,0,0,60,0,0,0,62,0,0
7,6,0,28,25,19,46,47,38,26,0,0,61,63,0,0,0,74,65,79
8,3,16,17,36,29,33,35,39,42,0,43,55,64,0,70,75,77,78,80
2,11,18,27,30,31,32,37,41,52,56,53,58,59,51,67,68,71,72,76
1,5,9,10,12,13,14,21,23,34,40,44,45,48,50,54,57,66,69,73
