2005-05-11
0,0,0,0,0,0,0,0,0,0,0,0,0,0,0,0,0,0,0,0
0,0,0,0,0,0,0,0,0,0,0,0,0,0,0,0,0,0,0,0
0,0,0,0,0,0,0,0,0,0,0,0,0,0,0,0,0,0,0,0
0,0,0,0,0,0,0,0,0,0,0,0,0,0,0,0,0,0,0,0
0,0,0,0,0,0,0,0,0,0,0,0,0,0,0,0,0,0,0,0
0,0,0,0,0,0,0,0,0,0,0,0,0,0,0,0,0,0,0,0
0,0,0,0,0,0,0,0,0,0,0,0,0,0,0,0,0,0,0,0
0,0,0,0,0,0,0,0,0,0,0,0,0,0,0,0,0,0,0,0
0,0,0,0,0,0,0,0,0,0,0,65,0,0,0,0,0,0,0,0
0,0,0,0,0,0,0,0,0,0,0,75,0,0,15,51,0,0,0,0
0,0,0,0,46,0,0,43,0,0,0,72,0,77,19,33,0,0,4,0
0,0,0,27,11,42,22,12,0,0,8,40,0,71,25,1,0,0,36,0
0,3,20,57,9,58,16,31,76,7,10,29,78,38,66,63,5,0,39,28
56,60,2,68,48,59,74,35,17,32,26,80,55,45,73,34,23,49,18,24
14,21,41,37,79,67,62,61,53,13,30,69,52,54,50,44,64,6,70,47
0,0,0,0,0,0,0,0,0,0,0,0,0,0,0,0,0,0,0,0
0,0,0,0,0,0,0,0,0,0,0,0,0,0,0,0,0,0,0,0
0,0,0,0,0,0,0,0,0,0,0,0,0,0,0,0,0,0,0,0
0,0,0,0,0,0,0,0,0,0,0,0,0,0,0,0,0,0,0,0
0,0,0,0,0,0,0,0,0,0,0,0,0,0,0,0,0,0,0,0
0,0,0,0,0,0,0,0,0,0,0,0,0,0,0,0,0,0,0,0
0,0,0,0,0,0,0,0,0,0,0,0,0,0,0,0,0,0,0,0
0,0,0,0,0,0,0,0,0,0,0,0,0,0,0,0,0,0,0,0
0,4,0,15,0,0,22,0,0,0,0,0,0,0,0,0,0,0,0,0
0,3,0,20,25,0,46,0,0,0,0,0,0,0,0,0,0,0,65,0
7,11,0,28,36,0,33,0,0,0,0,0,0,0,0,0,0,77,78,0
8,5,0,27,12,0,32,0,0,0,56,43,0,0,0,0,75,71,72,0
1,9,10,16,17,19,29,31,0,42,40,39,0,0,0,0,57,66,63,76
2,18,23,24,26,34,35,45,48,49,38,55,59,60,51,68,58,73,74,80
6,13,14,21,30,37,41,44,47,50,52,53,54,61,62,64,67,69,70,79
0,0,0,0,0,0,0,0,0,0,0,0,0,0,0,0,0,0,0,0
0,0,0,0,0,0,0,0,0,0,0,0,0,0,0,0,0,0,0,0
0,0,0,0,0,0,0,0,0,0,0,0,0,0,0,0,0,0,0,0
0,0,0,0,0,0,0,0,0,0,0,0,0,0,0,0,0,0,0,0
0,0,0,0,0,0,0,0,0,0,0,0,0,0,0,0,0,0,0,0
0,0,0,0,0,0,0,0,0,0,0,0,0,0,0,0,0,0,0,0
0,0,0,0,0,0,0,0,0,0,0,0,0,0,0,0,0,0,0,0
0,0,0,0,0,0,0,0,0,0,0,0,0,0,0,0,0,0,0,0
0,0,0,0,0,0,0,0,0,0,0,0,0,0,15,0,0,0,0,0
0,0,0,0,0,0,0,0,0,0,0,65,0,0,19,51,0,0,0,0
0,0,0,27,0,0,22,43,0,0,8,40,0,77,25,33,0,0,0,0
0,3,0,57,46,42,16,31,0,7,10,29,78,71,66,1,5,0,0,0
0,60,0,68,11,58,74,35,76,32,26,80,55,38,73,63,23,0,36,0
14,21,0,37,9,59,62,61,17,13,30,69,52,45,50,34,64,0,18,28
47,70,67,20,12,75,48,41,4,53,54,56,72,39,6,24,49,79,44,2
0,0,0,0,0,0,0,0,0,0,0,0,0,0,0,0,0,0,0,0
0,0,0,0,0,0,0,0,0,0,0,0,0,0,0,0,0,0,0,0
0,0,0,0,0,0,0,0,0,0,0,0,0,0,0,0,0,0,0,0
0,0,0,0,0,0,0,0,0,0,0,0,0,0,0,0,0,0,0,0
0,0,0,0,0,0,0,0,0,0,0,0,0,0,0,0,0,0,0,0
0,0,0,0,0,0,0,0,0,0,0,0,0,0,0,0,0,0,0,0
0,0,0,0,0,0,0,0,0,0,0,0,0,0,0,0,0,0,0,0
0,0,0,0,0,0,0,0,0,0,0,0,0,0,0,0,0,0,0,0
0,3,0,0,0,0,22,0,0,0,0,0,0,0,0,0,0,0,0,0
0,11,0,15,25,0,46,0,0,0,0,0,0,0,0,0,0,77,0,0
0,5,0,28,36,0,33,0,0,0,0,0,0,0,0,0,0,71,65,0
7,9,10,27,17,19,32,0,0,0,40,0,0,0,0,0,0,66,78,0
8,18,23,16,26,34,29,31,0,42,38,43,0,60,51,68,57,73,63,76
1,13,14,21,30,37,35,45,0,50,52,55,59,61,62,64,58,69,74,80
2,4,6,12,20,24,39,41,44,47,48,49,53,54,56,67,70,72,75,79
