2005-05-30
0,0,0,0,0,0,0,0,0,0,0,0,0,0,0,0,0,0,0,0
0,0,0,0,0,0,0,0,0,0,0,0,0,0,0,0,0,0,0,0
0,0,0,0,0,0,0,0,0,0,0,0,0,0,0,0,0,0,0,0
0,0,0,0,0,0,0,0,0,0,0,0,0,0,0,0,0,0,0,0
0,0,0,0,0,0,0,0,0,0,0,0,0,0,0,0,0,0,0,0
0,0,0,0,0,0,0,0,0,0,0,0,0,0,0,0,0,0,0,0
0,0,0,0,0,0,0,0,0,0,0,0,0,0,0,0,0,0,0,0
0,0,0,0,0,0,0,0,0,0,0,0,0,0,0,0,0,0,0,0
0,0,0,0,0,0,0,0,0,0,0,0,0,0,0,0,0,0,0,0
0,0,0,0,0,0,0,0,0,0,0,0,0,0,28,0,0,0,0,0
0,0,0,0,0,0,62,58,0,22,64,0,0,44,6,0,59,0,37,0
0,0,75,0,0,0,63,3,0,51,27,47,1,71,16,39,38,11,56,0
14,79,33,36,0,0,32,52,2,72,57,54,41,45,26,77,7,66,42,53
69,43,61,9,25,78,12,34,5,76,73,60,13,18,17,31,30,68,50,74
21,15,55,80,65,35,67,70,24,19,40,29,10,23,8,48,4,46,49,20
0,0,0,0,0,0,0,0,0,0,0,0,0,0,0,0,0,0,0,0
0,0,0,0,0,0,0,0,0,0,0,0,0,0,0,0,0,0,0,0
0,0,0,0,0,0,0,0,0,0,0,0,0,0,0,0,0,0,0,0
0,0,0,0,0,0,0,0,0,0,0,0,0,0,0,0,0,0,0,0
0,0,0,0,0,0,0,0,0,0,0,0,0,0,0,0,0,0,0,0
0,0,0,0,0,0,0,0,0,0,0,0,0,0,0,0,0,0,0,0
0,0,0,0,0,0,0,0,0,0,0,0,0,0,0,0,0,0,0,0
0,0,0,0,0,0,0,0,0,0,0,0,0,0,0,0,0,0,0,0
0,0,0,0,0,0,0,0,0,0,0,0,44,0,54,0,0,0,0,0
0,0,0,0,0,0,0,0,0,0,0,0,47,0,62,0,0,0,0,0
0,6,0,0,28,0,0,0,0,0,0,0,53,0,59,64,0,0,0,0
1,11,0,0,27,16,0,36,38,37,0,51,56,0,58,63,0,0,71,79
2,5,22,0,14,25,26,30,32,39,41,43,45,0,52,57,72,74,77,75
3,9,7,12,13,17,18,31,34,33,42,50,61,60,68,69,66,73,76,78
4,8,10,15,19,20,21,23,24,29,35,40,46,48,49,55,65,67,70,80
0,0,0,0,0,0,0,0,0,0,0,0,0,0,0,0,0,0,0,0
0,0,0,0,0,0,0,0,0,0,0,0,0,0,0,0,0,0,0,0
0,0,0,0,0,0,0,0,0,0,0,0,0,0,0,0,0,0,0,0
0,0,0,0,0,0,0,0,0,0,0,0,0,0,0,0,0,0,0,0
0,0,0,0,0,0,0,0,0,0,0,0,0,0,0,0,0,0,0,0
0,0,0,0,0,0,0,0,0,0,0,0,0,0,0,0,0,0,0,0
0,0,0,0,0,0,0,0,0,0,0,0,0,0,0,0,0,0,0,0
0,0,0,0,0,0,0,0,0,0,0,0,0,0,0,0,0,0,0,0
0,0,0,0,0,0,0,0,0,0,0,0,0,0,28,0,0,0,0,0
0,0,0,0,0,0,0,0,0,0,0,0,0,44,6,0,0,0,0,0
0,0,0,0,0,0,0,3,0,22,27,47,0,71,16,0,38,11,0,0
14,0,33,36,0,0,63,52,0,51,57,54,0,45,26,0,7,66,56,0
69,0,61,9,0,0,32,34,5,72,73,60,1,18,17,77,30,68,50,74
21,0,55,80,25,78,12,70,24,19,40,29,41,23,8,31,4,46,49,20
48,64,58,43,35,79,75,67,10,53,2,62,39,65,13,42,37,59,76,15
0,0,0,0,0,0,0,0,0,0,0,0,0,0,0,0,0,0,0,0
0,0,0,0,0,0,0,0,0,0,0,0,0,0,0,0,0,0,0,0
0,0,0,0,0,0,0,0,0,0,0,0,0,0,0,0,0,0,0,0
0,0,0,0,0,0,0,0,0,0,0,0,0,0,0,0,0,0,0,0
0,0,0,0,0,0,0,0,0,0,0,0,0,0,0,0,0,0,0,0
0,0,0,0,0,0,0,0,0,0,0,0,0,0,0,0,0,0,0,0
0,0,0,0,0,0,0,0,0,0,0,0,0,0,0,0,0,0,0,0
0,0,0,0,0,0,0,0,0,0,0,0,0,0,0,0,0,0,0,0
0,0,0,0,0,0,0,0,0,0,0,0,44,0,0,0,0,0,0,0
0,6,0,0,0,0,0,0,0,0,0,0,47,0,0,0,0,0,0,0
0,11,0,0,28,16,0,36,38,0,0,0,56,0,54,63,0,0,0,0
1,5,0,0,27,25,26,30,32,0,0,51,45,0,52,57,0,0,71,0
3,9,22,0,14,17,18,31,34,33,0,50,61,0,68,69,72,74,77,78
4,8,7,12,19,20,21,23,24,29,41,40,46,60,49,55,66,73,70,80
2,10,13,15,35,37,39,42,43,48,53,58,59,62,64,65,67,75,76,79
