2005-08-20
0,0,0,0,0,0,0,0,0,0,0,0,0,0,0,0,0,0,0,0
0,0,0,0,0,0,0,0,0,0,0,0,0,0,0,0,0,0,0,0
0,0,0,0,0,0,0,0,0,0,0,0,0,0,0,0,0,0,0,0
0,0,0,0,0,0,0,0,0,0,0,0,0,0,0,0,0,0,0,0
0,0,0,0,0,0,0,0,0,0,0,0,0,0,0,0,0,0,0,0
0,0,0,0,0,0,0,0,0,0,0,0,0,0,0,0,0,0,0,0
0,0,0,0,0,0,0,0,0,0,0,0,0,0,0,0,0,0,0,0
0,0,0,0,0,0,0,0,0,0,0,0,0,0,0,0,0,0,0,0
0,0,0,0,0,0,0,0,0,0,0,0,0,0,0,0,0,0,0,0
0,0,0,26,0,0,43,0,0,0,0,0,0,0,0,0,0,0,0,0
0,0,0,14,64,0,16,70,0,0,24,56,0,0,0,72,0,0,0,35
0,40,0,28,69,45,3,38,0,5,71,49,0,0,15,17,33,0,4,47
54,75,55,1,13,66,7,80,0,18,30,79,0,32,8,22,31,0,68,52
20,46,63,36,29,76,44,42,0,73,77,23,10,50,65,58,37,39,41,60
62,74,78,53,61,59,6,48,67,27,51,25,9,57,11,19,21,34,2,12
0,0,0,0,0,0,0,0,0,0,0,0,0,0,0,0,0,0,0,0
0,0,0,0,0,0,0,0,0,0,0,0,0,0,0,0,0,0,0,0
0,0,0,0,0,0,0,0,0,0,0,0,0,0,0,0,0,0,0,0
0,0,0,0,0,0,0,0,0,0,0,0,0,0,0,0,0,0,0,0
0,0,0,0,0,0,0,0,0,0,0,0,0,0,0,0,0,0,0,0
0,0,0,0,0,0,0,0,0,0,0,0,0,0,0,0,0,0,0,0
0,0,0,0,0,0,0,0,0,0,0,0,0,0,0,0,0,0,0,0
0,0,0,0,0,0,0,0,0,0,0,0,0,0,0,0,0,0,0,0
0,0,0,0,0,0,0,0,0,0,0,0,0,0,0,0,0,0,0,0
0,0,0,26,24,0,0,0,0,54,0,0,0,0,0,0,0,0,0,0
4,0,0,15,14,0,0,0,0,35,0,0,0,0,0,0,0,70,0,0
1,5,0,17,16,0,0,0,49,38,43,45,56,68,0,64,72,55,0,71
8,3,0,13,18,28,22,32,30,31,36,40,50,47,0,69,75,76,79,80
10,7,20,23,29,33,37,39,41,42,44,46,58,52,60,66,63,65,73,77
2,6,9,11,12,19,21,25,27,34,48,51,53,57,59,61,62,67,74,78
0,0,0,0,0,0,0,0,0,0,0,0,0,0,0,0,0,0,0,0
0,0,0,0,0,0,0,0,0,0,0,0,0,0,0,0,0,0,0,0
0,0,0,0,0,0,0,0,0,0,0,0,0,0,0,0,0,0,0,0
0,0,0,0,0,0,0,0,0,0,0,0,0,0,0,0,0,0,0,0
0,0,0,0,0,0,0,0,0,0,0,0,0,0,0,0,0,0,0,0
0,0,0,0,0,0,0,0,0,0,0,0,0,0,0,0,0,0,0,0
0,0,0,0,0,0,0,0,0,0,0,0,0,0,0,0,0,0,0,0
0,0,0,0,0,0,0,0,0,0,0,0,0,0,0,0,0,0,0,0
0,0,0,0,0,0,0,0,0,0,0,0,0,0,0,0,0,0,0,0
0,0,0,0,64,0,43,0,0,0,0,56,0,0,0,0,0,0,0,35
0,0,0,26,69,0,16,70,0,0,0,49,0,0,0,17,0,0,0,47
0,0,0,14,13,45,7,80,0,0,24,79,0,0,0,22,33,0,4,52
54,75,55,36,29,66,44,42,0,5,71,23,0,32,8,58,31,39,41,60
20,46,78,53,61,76,6,48,67,73,77,25,10,57,11,19,37,34,2,12
30,68,72,74,59,62,27,9,21,15,18,51,50,3,28,65,63,38,1,40
0,0,0,0,0,0,0,0,0,0,0,0,0,0,0,0,0,0,0,0
0,0,0,0,0,0,0,0,0,0,0,0,0,0,0,0,0,0,0,0
0,0,0,0,0,0,0,0,0,0,0,0,0,0,0,0,0,0,0,0
0,0,0,0,0,0,0,0,0,0,0,0,0,0,0,0,0,0,0,0
0,0,0,0,0,0,0,0,0,0,0,0,0,0,0,0,0,0,0,0
0,0,0,0,0,0,0,0,0,0,0,0,0,0,0,0,0,0,0,0
0,0,0,0,0,0,0,0,0,0,0,0,0,0,0,0,0,0,0,0
0,0,0,0,0,0,0,0,0,0,0,0,0,0,0,0,0,0,0,0
0,0,0,0,0,0,0,0,0,0,0,0,0,0,0,0,0,0,0,0
0,0,0,26,24,0,0,0,0,54,0,0,0,0,0,0,0,0,0,0
4,0,0,17,14,0,0,0,0,35,43,0,0,0,0,64,0,70,0,71
8,5,0,13,16,0,0,32,0,31,36,0,56,47,0,69,0,55,0,80
10,7,0,23,29,33,22,39,49,42,44,45,58,52,0,66,0,76,79,77
2,6,20,11,12,19,37,25,41,34,48,46,53,57,60,61,75,67,73,78
1,3,9,15,18,21,27,28,30,38,40,50,51,59,62,63,65,68,72,74
