2005-08-24
0,0,0,0,0,0,0,0,0,0,0,0,0,0,0,0,0,0,0,0
0,0,0,0,0,0,0,0,0,0,0,0,0,0,0,0,0,0,0,0
0,0,0,0,0,0,0,0,0,0,0,0,0,0,0,0,0,0,0,0
0,0,0,0,0,0,0,0,0,0,0,0,0,0,0,0,0,0,0,0
0,0,0,0,0,0,0,0,0,0,0,0,0,0,0,0,0,0,0,0
0,0,0,0,0,0,0,0,0,0,0,0,0,0,0,0,0,0,0,0
0,0,0,0,0,0,0,0,0,0,0,0,0,0,0,0,0,0,0,0
0,0,0,0,0,0,0,0,0,0,0,0,0,0,0,0,0,0,0,0
0,0,0,0,0,0,0,70,0,0,0,0,0,0,0,0,0,0,0,0
0,0,0,0,64,0,0,80,0,0,0,0,0,0,0,0,0,0,0,0
0,0,0,14,13,76,16,42,0,73,0,0,0,0,8,0,0,0,0,47
0,0,72,36,29,62,44,48,67,15,0,49,10,57,28,0,33,0,0,12
0,68,66,2,59,50,78,9,69,18,0,23,39,3,77,0,79,0,19,45
53,5,63,38,65,61,17,25,55,32,71,6,41,11,56,74,46,0,34,58
1,20,43,7,26,51,4,54,30,31,27,37,75,60,22,21,40,52,35,24
0,0,0,0,0,0,0,0,0,0,0,0,0,0,0,0,0,0,0,0
0,0,0,0,0,0,0,0,0,0,0,0,0,0,0,0,0,0,0,0
0,0,0,0,0,0,0,0,0,0,0,0,0,0,0,0,0,0,0,0
0,0,0,0,0,0,0,0,0,0,0,0,0,0,0,0,0,0,0,0
0,0,0,0,0,0,0,0,0,0,0,0,0,0,0,0,0,0,0,0
0,0,0,0,0,0,0,0,0,0,0,0,0,0,0,0,0,0,0,0
0,0,0,0,0,0,0,0,0,0,0,0,0,0,0,0,0,0,0,0
0,0,0,0,0,0,0,0,0,0,0,0,0,0,0,0,0,0,0,0
0,0,0,0,0,0,0,0,0,0,0,0,0,0,0,0,0,70,0,0
0,0,0,13,0,0,0,0,0,0,0,0,0,47,0,0,0,76,0,0
0,0,0,23,14,0,0,0,0,0,36,0,0,57,0,0,0,67,73,0
8,3,9,15,16,0,0,0,49,42,44,0,0,59,62,0,0,68,72,71
10,6,18,19,29,33,39,28,45,50,48,0,65,66,69,64,0,77,78,80
2,5,11,17,12,25,32,34,38,41,46,0,53,55,56,58,61,63,74,79
1,4,7,20,21,22,24,26,27,30,31,35,37,40,43,51,52,54,60,75
0,0,0,0,0,0,0,0,0,0,0,0,0,0,0,0,0,0,0,0
0,0,0,0,0,0,0,0,0,0,0,0,0,0,0,0,0,0,0,0
0,0,0,0,0,0,0,0,0,0,0,0,0,0,0,0,0,0,0,0
0,0,0,0,0,0,0,0,0,0,0,0,0,0,0,0,0,0,0,0
0,0,0,0,0,0,0,0,0,0,0,0,0,0,0,0,0,0,0,0
0,0,0,0,0,0,0,0,0,0,0,0,0,0,0,0,0,0,0,0
0,0,0,0,0,0,0,0,0,0,0,0,0,0,0,0,0,0,0,0
0,0,0,0,0,0,0,0,0,0,0,0,0,0,0,0,0,0,0,0
0,0,0,0,0,0,0,0,0,0,0,0,0,0,0,0,0,0,0,0
0,0,0,14,64,0,0,0,0,0,0,0,0,0,0,0,0,0,0,0
0,0,0,36,13,76,0,0,0,73,0,0,0,57,28,0,0,0,0,0
0,0,0,2,59,62,16,70,67,15,0,49,39,3,77,0,33,0,19,12
0,5,66,38,65,50,44,80,69,18,71,6,41,11,56,74,79,0,34,58
53,20,63,7,26,51,17,25,55,32,27,37,75,60,22,21,46,52,35,24
10,9,4,72,43,54,1,78,45,29,61,8,30,47,42,48,68,23,31,40
0,0,0,0,0,0,0,0,0,0,0,0,0,0,0,0,0,0,0,0
0,0,0,0,0,0,0,0,0,0,0,0,0,0,0,0,0,0,0,0
0,0,0,0,0,0,0,0,0,0,0,0,0,0,0,0,0,0,0,0
0,0,0,0,0,0,0,0,0,0,0,0,0,0,0,0,0,0,0,0
0,0,0,0,0,0,0,0,0,0,0,0,0,0,0,0,0,0,0,0
0,0,0,0,0,0,0,0,0,0,0,0,0,0,0,0,0,0,0,0
0,0,0,0,0,0,0,0,0,0,0,0,0,0,0,0,0,0,0,0
0,0,0,0,0,0,0,0,0,0,0,0,0,0,0,0,0,0,0,0
0,0,0,0,0,0,0,0,0,0,0,0,0,0,0,0,0,0,0,0
0,0,0,13,0,0,0,0,0,0,0,0,0,0,0,0,0,70,0,0
0,0,0,15,14,0,0,0,0,0,0,0,0,57,0,0,0,76,0,71
0,3,18,19,16,33,39,28,49,0,36,0,65,59,62,64,0,67,73,80
0,6,11,17,12,25,32,34,38,50,44,0,53,66,69,58,0,77,74,79
2,5,7,20,21,22,24,26,27,41,46,35,37,55,56,51,52,63,60,75
1,4,8,9,10,23,29,30,31,40,42,43,45,47,48,54,61,68,72,78
