2006-01-01
0,0,0,0,0,0,0,0,0,0,0,0,0,0,0,0,0,0,0,0
0,0,0,0,0,0,0,0,0,0,0,0,0,0,0,0,0,0,0,0
0,0,0,0,0,0,0,0,0,0,0,0,0,0,0,0,0,0,0,0
0,0,0,0,0,0,0,0,0,0,0,0,0,0,0,0,0,0,0,0
0,0,0,0,0,0,0,0,0,0,0,0,0,0,0,0,0,0,0,0
0,0,0,0,0,0,0,0,0,0,0,0,0,0,0,0,0,0,0,0
0,0,0,0,0,0,0,0,0,0,0,0,0,0,0,0,0,0,0,0
0,0,0,0,0,0,0,0,0,0,0,0,0,0,0,0,0,0,0,0
0,0,0,0,0,28,0,0,0,0,0,0,0,0,0,0,0,0,0,0
0,0,0,0,0,16,0,0,0,15,0,6,73,0,0,0,0,0,0,0
0,0,0,0,0,61,0,0,0,68,0,67,4,0,0,0,0,0,22,0
0,23,64,75,33,46,8,0,0,9,0,13,19,52,11,0,0,0,27,0
32,50,74,17,42,55,30,40,0,76,54,58,1,69,65,0,21,48,5,38
51,70,20,24,25,31,71,45,26,63,59,53,72,14,39,37,3,66,10,36
34,49,41,18,57,80,35,2,78,77,44,7,43,62,47,56,79,60,12,29
0,0,0,0,0,0,0,0,0,0,0,0,0,0,0,0,0,0,0,0
0,0,0,0,0,0,0,0,0,0,0,0,0,0,0,0,0,0,0,0
0,0,0,0,0,0,0,0,0,0,0,0,0,0,0,0,0,0,0,0
0,0,0,0,0,0,0,0,0,0,0,0,0,0,0,0,0,0,0,0
0,0,0,0,0,0,0,0,0,0,0,0,0,0,0,0,0,0,0,0
0,0,0,0,0,0,0,0,0,0,0,0,0,0,0,0,0,0,0,0
0,0,0,0,0,0,0,0,0,0,0,0,0,0,0,0,0,0,0,0
0,0,0,0,0,0,0,0,0,0,0,0,0,0,0,0,0,0,0,0
0,0,0,0,23,0,0,0,0,0,0,0,0,0,0,0,0,0,0,0
0,0,0,0,28,16,0,0,0,0,0,0,0,0,0,0,0,0,0,0
0,0,0,6,8,21,0,37,0,0,46,0,0,67,65,0,0,0,0,0
4,9,11,15,19,27,33,52,0,0,55,0,0,64,68,0,0,0,73,0
1,5,13,30,32,38,40,42,22,48,50,54,61,59,69,0,75,0,74,76
3,10,17,14,20,24,25,26,31,36,39,45,58,51,53,63,66,70,71,72
2,7,12,18,29,34,35,41,43,44,47,49,56,57,60,62,77,78,79,80
0,0,0,0,0,0,0,0,0,0,0,0,0,0,0,0,0,0,0,0
0,0,0,0,0,0,0,0,0,0,0,0,0,0,0,0,0,0,0,0
0,0,0,0,0,0,0,0,0,0,0,0,0,0,0,0,0,0,0,0
0,0,0,0,0,0,0,0,0,0,0,0,0,0,0,0,0,0,0,0
0,0,0,0,0,0,0,0,0,0,0,0,0,0,0,0,0,0,0,0
0,0,0,0,0,0,0,0,0,0,0,0,0,0,0,0,0,0,0,0
0,0,0,0,0,0,0,0,0,0,0,0,0,0,0,0,0,0,0,0
0,0,0,0,0,0,0,0,0,0,0,0,0,0,0,0,0,0,0,0
0,0,0,0,0,28,0,0,0,0,0,0,0,0,0,0,0,0,0,0
0,0,0,0,0,16,0,0,0,15,0,6,0,0,0,0,0,0,0,0
0,23,0,75,33,61,0,0,0,68,0,67,0,0,0,0,0,0,0,0
0,50,64,17,42,46,8,40,0,9,0,13,1,52,0,0,21,48,0,0
51,70,74,24,25,55,30,45,26,76,0,58,72,14,39,0,3,66,27,38
34,49,20,18,57,31,71,2,78,77,59,53,43,62,47,0,79,60,5,36
65,4,56,63,35,80,29,12,41,22,19,54,73,7,11,32,69,37,10,44
0,0,0,0,0,0,0,0,0,0,0,0,0,0,0,0,0,0,0,0
0,0,0,0,0,0,0,0,0,0,0,0,0,0,0,0,0,0,0,0
0,0,0,0,0,0,0,0,0,0,0,0,0,0,0,0,0,0,0,0
0,0,0,0,0,0,0,0,0,0,0,0,0,0,0,0,0,0,0,0
0,0,0,0,0,0,0,0,0,0,0,0,0,0,0,0,0,0,0,0
0,0,0,0,0,0,0,0,0,0,0,0,0,0,0,0,0,0,0,0
0,0,0,0,0,0,0,0,0,0,0,0,0,0,0,0,0,0,0,0
0,0,0,0,0,0,0,0,0,0,0,0,0,0,0,0,0,0,0,0
0,0,0,0,0,16,0,0,0,0,0,0,0,0,0,0,0,0,0,0
0,0,0,6,0,21,0,0,0,0,46,0,0,67,0,0,0,0,0,0
0,0,0,15,23,27,0,0,0,0,55,0,0,64,0,0,0,0,0,0
1,0,0,30,28,38,33,52,0,0,50,0,0,59,68,0,75,0,74,0
3,9,13,14,8,24,40,42,31,48,39,45,61,51,53,0,66,70,71,76
2,5,17,18,20,34,25,26,43,36,47,49,58,57,60,62,77,78,79,72
4,7,10,11,12,19,22,29,32,35,37,41,44,54,56,63,65,69,73,80
