2006-06-11
0,0,0,0,0,0,0,0,0,0,0,0,0,0,0,0,0,0,0,0
0,0,0,0,0,0,0,0,0,0,0,0,0,0,0,0,0,0,0,0
0,0,0,0,0,0,0,0,0,0,0,0,0,0,0,0,0,0,0,0
0,0,0,0,0,0,0,0,0,0,0,0,0,0,0,0,0,0,0,0
0,0,0,0,0,0,0,0,0,0,0,0,0,0,0,0,0,0,0,0
0,0,0,0,0,0,0,0,0,0,0,0,0,0,0,0,0,0,0,0
0,0,0,0,0,0,0,0,0,0,0,0,0,0,0,0,0,0,0,0
0,0,0,0,0,0,0,0,0,0,0,0,0,0,0,0,0,0,0,0
0,0,0,0,0,0,0,0,54,0,0,0,0,12,0,0,0,0,0,0
0,0,0,0,0,0,0,0,45,0,0,0,0,15,0,0,0,0,0,0
0,0,0,0,0,0,0,0,79,0,0,0,63,47,0,0,0,31,0,0
20,74,37,0,0,69,44,0,26,19,22,0,53,2,52,0,1,16,77,0
6,68,70,0,30,64,21,13,78,32,71,62,49,57,61,23,11,10,66,0
18,48,8,41,46,67,34,17,27,75,50,33,36,38,29,80,51,14,55,65
3,60,25,58,5,28,9,76,43,4,72,40,35,7,24,59,39,56,73,42
0,0,0,0,0,0,0,0,0,0,0,0,0,0,0,0,0,0,0,0
0,0,0,0,0,0,0,0,0,0,0,0,0,0,0,0,0,0,0,0
0,0,0,0,0,0,0,0,0,0,0,0,0,0,0,0,0,0,0,0
0,0,0,0,0,0,0,0,0,0,0,0,0,0,0,0,0,0,0,0
0,0,0,0,0,0,0,0,0,0,0,0,0,0,0,0,0,0,0,0
0,0,0,0,0,0,0,0,0,0,0,0,0,0,0,0,0,0,0,0
0,0,0,0,0,0,0,0,0,0,0,0,0,0,0,0,0,0,0,0
0,0,0,0,0,0,0,0,0,0,0,0,0,0,0,0,0,0,0,0
0,0,0,0,0,0,0,0,0,0,0,0,0,0,0,0,0,0,0,0
0,0,0,0,0,0,0,0,0,0,0,0,0,0,0,0,0,69,0,0
0,0,12,20,22,0,0,0,31,0,0,47,0,63,0,54,0,53,0,74
1,0,15,16,13,0,0,0,26,0,0,44,0,45,0,52,0,77,68,79
2,11,14,10,23,19,21,32,34,0,37,57,41,61,62,65,64,66,71,78
6,8,17,18,27,29,33,30,36,38,49,46,48,50,51,55,67,70,75,80
3,4,5,7,9,24,25,28,35,39,40,42,43,56,58,59,60,72,73,76
0,0,0,0,0,0,0,0,0,0,0,0,0,0,0,0,0,0,0,0
0,0,0,0,0,0,0,0,0,0,0,0,0,0,0,0,0,0,0,0
0,0,0,0,0,0,0,0,0,0,0,0,0,0,0,0,0,0,0,0
0,0,0,0,0,0,0,0,0,0,0,0,0,0,0,0,0,0,0,0
0,0,0,0,0,0,0,0,0,0,0,0,0,0,0,0,0,0,0,0
0,0,0,0,0,0,0,0,0,0,0,0,0,0,0,0,0,0,0,0
0,0,0,0,0,0,0,0,0,0,0,0,0,0,0,0,0,0,0,0
0,0,0,0,0,0,0,0,54,0,0,0,0,0,0,0,0,0,0,0
0,0,0,0,0,0,0,0,45,0,0,0,0,0,0,0,0,0,0,0
0,0,0,0,0,0,0,0,79,0,0,0,0,12,0,0,0,0,0,0
0,74,0,0,0,0,0,0,26,19,0,0,63,15,52,0,0,0,0,0
0,68,37,0,30,69,0,0,78,32,22,62,53,2,61,0,11,31,77,0
0,48,70,0,46,64,44,13,27,75,71,33,49,57,29,0,51,10,66,0
3,60,8,41,5,28,34,76,43,4,50,40,36,38,24,80,39,14,55,65
58,25,42,18,21,16,7,67,20,35,1,9,6,47,23,59,17,72,56,73
0,0,0,0,0,0,0,0,0,0,0,0,0,0,0,0,0,0,0,0
0,0,0,0,0,0,0,0,0,0,0,0,0,0,0,0,0,0,0,0
0,0,0,0,0,0,0,0,0,0,0,0,0,0,0,0,0,0,0,0
0,0,0,0,0,0,0,0,0,0,0,0,0,0,0,0,0,0,0,0
0,0,0,0,0,0,0,0,0,0,0,0,0,0,0,0,0,0,0,0
0,0,0,0,0,0,0,0,0,0,0,0,0,0,0,0,0,0,0,0
0,0,0,0,0,0,0,0,0,0,0,0,0,0,0,0,0,0,0,0
0,0,0,0,0,0,0,0,0,0,0,0,0,0,0,0,0,0,0,0
0,0,0,0,0,0,0,0,0,0,0,0,0,0,0,0,0,0,0,0
0,0,0,0,0,0,0,0,0,0,0,0,0,0,0,0,0,69,0,74
0,0,12,0,0,0,0,0,31,0,0,0,0,63,0,54,0,53,0,79
0,11,15,0,22,19,0,32,26,0,37,44,41,45,0,52,0,77,68,78
2,8,14,0,13,29,0,30,34,38,49,57,48,61,62,65,64,66,71,80
3,4,5,10,27,24,33,28,36,39,40,46,43,50,51,55,60,70,75,76
1,6,7,9,16,17,18,20,21,23,25,35,42,47,56,58,59,67,72,73
