2006-09-06
0,0,0,0,0,0,0,0,0,0,0,0,0,0,0,0,0,0,0,0
0,0,0,0,0,0,0,0,0,0,0,0,0,0,0,0,0,0,0,0
0,0,0,0,0,0,0,0,0,0,0,0,0,0,0,0,0,0,0,0
0,0,0,0,0,0,0,0,0,0,0,0,0,0,0,0,0,0,0,0
0,0,0,0,0,0,0,0,0,0,0,0,0,0,0,0,0,0,0,0
0,0,0,0,0,0,0,0,0,0,0,0,0,0,0,0,0,0,0,0
0,0,0,0,0,0,0,0,0,0,0,0,0,0,0,0,0,0,0,0
0,0,0,0,0,0,0,0,0,0,0,0,0,0,0,0,0,0,0,0
0,0,0,0,0,0,0,0,0,0,0,0,0,0,0,0,0,0,0,0
0,0,0,0,0,0,0,0,0,0,0,0,0,0,0,0,0,76,0,0
0,0,0,16,0,71,0,20,51,0,77,0,23,0,0,0,0,60,0,0
0,1,24,63,0,38,0,80,14,54,17,0,73,53,65,0,0,4,3,12
32,42,37,7,48,36,0,2,47,31,67,33,5,30,50,27,0,62,41,45
26,59,75,29,74,13,35,58,11,44,70,9,61,39,21,28,34,64,79,56
52,69,40,25,18,6,57,8,55,49,46,15,22,19,10,72,66,68,78,43
0,0,0,0,0,0,0,0,0,0,0,0,0,0,0,0,0,0,0,0
0,0,0,0,0,0,0,0,0,0,0,0,0,0,0,0,0,0,0,0
0,0,0,0,0,0,0,0,0,0,0,0,0,0,0,0,0,0,0,0
0,0,0,0,0,0,0,0,0,0,0,0,0,0,0,0,0,0,0,0
0,0,0,0,0,0,0,0,0,0,0,0,0,0,0,0,0,0,0,0
0,0,0,0,0,0,0,0,0,0,0,0,0,0,0,0,0,0,0,0
0,0,0,0,0,0,0,0,0,0,0,0,0,0,0,0,0,0,0,0
0,0,0,0,0,0,0,0,0,0,0,0,0,0,0,0,0,0,0,0
0,0,0,0,0,0,0,0,0,0,0,0,0,0,0,0,0,0,0,0
0,0,0,0,0,0,0,16,0,0,0,0,0,0,0,0,0,0,0,77
3,0,0,0,0,0,27,33,24,0,0,45,53,0,65,0,0,0,0,76
4,17,14,12,0,0,31,30,35,41,0,48,50,0,54,0,60,0,67,80
1,5,7,21,0,20,26,32,38,36,0,39,42,51,47,0,63,71,62,73
2,9,11,13,0,23,28,29,34,44,37,56,58,59,61,64,70,74,75,79
6,8,10,15,18,19,22,25,40,43,46,49,52,55,57,66,68,69,72,78
0,0,0,0,0,0,0,0,0,0,0,0,0,0,0,0,0,0,0,0
0,0,0,0,0,0,0,0,0,0,0,0,0,0,0,0,0,0,0,0
0,0,0,0,0,0,0,0,0,0,0,0,0,0,0,0,0,0,0,0
0,0,0,0,0,0,0,0,0,0,0,0,0,0,0,0,0,0,0,0
0,0,0,0,0,0,0,0,0,0,0,0,0,0,0,0,0,0,0,0
0,0,0,0,0,0,0,0,0,0,0,0,0,0,0,0,0,0,0,0
0,0,0,0,0,0,0,0,0,0,0,0,0,0,0,0,0,0,0,0
0,0,0,0,0,0,0,0,0,0,0,0,0,0,0,0,0,0,0,0
0,0,0,0,0,0,0,0,0,0,0,0,0,0,0,0,0,76,0,0
0,0,0,0,0,71,0,0,0,0,0,0,23,0,0,0,0,60,0,0
0,0,0,0,0,38,0,20,0,0,77,0,73,0,65,0,0,4,0,0
0,42,24,0,0,36,0,2,0,54,67,0,5,0,50,0,0,62,3,12
32,59,37,29,0,13,35,58,47,31,70,33,61,30,21,27,34,64,41,45
26,69,40,25,48,6,57,8,11,44,46,9,22,19,10,28,66,68,78,56
43,15,7,72,63,17,51,16,39,49,18,75,14,80,1,55,74,79,52,53
0,0,0,0,0,0,0,0,0,0,0,0,0,0,0,0,0,0,0,0
0,0,0,0,0,0,0,0,0,0,0,0,0,0,0,0,0,0,0,0
0,0,0,0,0,0,0,0,0,0,0,0,0,0,0,0,0,0,0,0
0,0,0,0,0,0,0,0,0,0,0,0,0,0,0,0,0,0,0,0
0,0,0,0,0,0,0,0,0,0,0,0,0,0,0,0,0,0,0,0
0,0,0,0,0,0,0,0,0,0,0,0,0,0,0,0,0,0,0,0
0,0,0,0,0,0,0,0,0,0,0,0,0,0,0,0,0,0,0,0
0,0,0,0,0,0,0,0,0,0,0,0,0,0,0,0,0,0,0,0
0,0,0,0,0,0,0,0,0,0,0,0,0,0,0,0,0,0,0,0
0,0,0,0,0,0,27,33,24,0,0,0,0,0,65,0,0,0,0,0
3,0,0,0,0,0,31,30,35,0,0,0,0,0,54,0,0,0,0,77
4,5,0,12,0,20,26,32,38,41,0,45,50,0,47,0,60,0,0,76
2,9,11,21,0,23,28,29,34,36,37,48,42,0,61,64,70,71,67,73
6,8,10,13,0,19,22,25,40,44,46,56,58,59,57,66,68,69,62,78
1,7,14,15,16,17,18,39,43,49,51,52,53,55,63,72,74,75,79,80
