2001-11-01
0,0,0,0,0,0,0,0,0,0,0,0,0,0,0,0,0,0,0,0
0,0,0,0,0,0,0,0,0,0,0,0,0,0,0,0,0,0,0,0
0,0,0,0,0,0,0,0,0,0,0,0,0,0,0,0,0,0,0,0
0,0,0,0,0,0,0,0,0,0,0,0,0,0,0,0,0,0,0,0
0,0,0,0,0,0,0,0,0,0,0,0,0,0,0,0,0,0,0,0
0,0,0,0,0,0,0,0,0,0,0,0,0,0,0,0,0,0,0,0
0,0,0,0,0,0,0,0,0,0,0,0,0,0,0,0,0,0,0,0
0,0,0,0,0,0,0,0,0,0,0,0,0,0,0,0,0,0,0,0
0,0,0,0,0,0,0,0,0,0,0,0,0,0,0,0,0,0,0,0
0,0,0,0,0,0,0,54,0,0,31,0,0,0,0,0,0,57,0,0
0,0,0,62,0,10,0,65,0,56,38,59,41,0,0,0,80,28,0,0
39,0,0,18,0,67,0,64,0,55,75,6,22,0,0,0,45,25,78,19
77,0,2,47,15,34,0,60,69,71,36,5,7,1,66,0,14,33,37,8
49,3,20,48,52,13,16,21,40,50,24,26,4,11,43,0,46,29,74,73
53,72,70,58,63,61,51,42,23,68,17,9,27,44,32,30,12,35,76,79
0,0,0,0,0,0,0,0,0,0,0,0,0,0,0,0,0,0,0,0
0,0,0,0,0,0,0,0,0,0,0,0,0,0,0,0,0,0,0,0
0,0,0,0,0,0,0,0,0,0,0,0,0,0,0,0,0,0,0,0
0,0,0,0,0,0,0,0,0,0,0,0,0,0,0,0,0,0,0,0
0,0,0,0,0,0,0,0,0,0,0,0,0,0,0,0,0,0,0,0
0,0,0,0,0,0,0,0,0,0,0,0,0,0,0,0,0,0,0,0
0,0,0,0,0,0,0,0,0,0,0,0,0,0,0,0,0,0,0,0
0,0,0,0,0,0,0,0,0,0,0,0,0,0,0,0,0,0,0,0
0,0,0,0,0,0,0,0,0,0,0,0,0,0,0,0,0,0,0,0
0,0,0,0,0,0,0,0,0,0,0,0,0,0,59,0,0,67,0,0
1,0,16,0,19,0,0,0,0,28,54,0,0,0,62,0,0,65,0,0
3,10,8,25,6,0,0,0,0,41,38,31,0,57,45,0,64,66,78,80
2,5,7,15,18,14,22,0,0,33,34,37,47,56,60,0,55,69,75,77
4,11,13,20,21,24,26,29,39,40,36,43,46,48,49,50,52,71,73,74
9,12,17,23,27,30,32,35,42,44,51,53,58,61,63,68,70,72,76,79
0,0,0,0,0,0,0,0,0,0,0,0,0,0,0,0,0,0,0,0
0,0,0,0,0,0,0,0,0,0,0,0,0,0,0,0,0,0,0,0
0,0,0,0,0,0,0,0,0,0,0,0,0,0,0,0,0,0,0,0
0,0,0,0,0,0,0,0,0,0,0,0,0,0,0,0,0,0,0,0
0,0,0,0,0,0,0,0,0,0,0,0,0,0,0,0,0,0,0,0
0,0,0,0,0,0,0,0,0,0,0,0,0,0,0,0,0,0,0,0
0,0,0,0,0,0,0,0,0,0,0,0,0,0,0,0,0,0,0,0
0,0,0,0,0,0,0,0,0,0,0,0,0,0,0,0,0,0,0,0
0,0,0,0,0,0,0,0,0,0,31,0,0,0,0,0,0,0,0,0
0,0,0,62,0,0,0,54,0,0,38,59,0,0,0,0,80,57,0,0
0,0,0,18,0,0,0,64,0,0,75,6,0,0,0,0,45,28,78,19
0,0,2,47,15,0,0,60,0,0,36,5,22,0,66,0,14,25,37,8
39,0,20,48,52,0,16,21,0,55,24,26,7,0,43,0,46,33,74,73
49,72,70,58,63,10,51,42,40,71,17,9,27,0,32,0,12,35,76,79
23,11,3,30,61,50,67,68,34,53,56,4,44,77,13,65,29,69,1,41
0,0,0,0,0,0,0,0,0,0,0,0,0,0,0,0,0,0,0,0
0,0,0,0,0,0,0,0,0,0,0,0,0,0,0,0,0,0,0,0
0,0,0,0,0,0,0,0,0,0,0,0,0,0,0,0,0,0,0,0
0,0,0,0,0,0,0,0,0,0,0,0,0,0,0,0,0,0,0,0
0,0,0,0,0,0,0,0,0,0,0,0,0,0,0,0,0,0,0,0
0,0,0,0,0,0,0,0,0,0,0,0,0,0,0,0,0,0,0,0
0,0,0,0,0,0,0,0,0,0,0,0,0,0,0,0,0,0,0,0
0,0,0,0,0,0,0,0,0,0,0,0,0,0,0,0,0,0,0,0
0,0,0,0,0,0,0,0,0,0,0,0,0,0,59,0,0,0,0,0
0,0,0,0,19,0,0,0,0,0,0,0,0,0,62,0,0,0,0,0
0,0,16,0,6,0,0,0,0,0,54,0,0,0,45,0,64,0,78,0
0,10,8,25,18,0,22,0,0,28,38,31,47,0,60,0,55,66,75,80
2,5,7,15,21,14,26,0,39,33,36,37,46,57,49,0,52,71,73,74
9,12,17,20,27,24,32,35,42,40,51,43,58,48,63,0,70,72,76,79
1,3,4,11,13,23,29,30,34,41,44,50,53,56,61,65,67,68,69,77
