2007-02-24
0,0,0,0,0,0,0,0,0,0,0,0,0,0,0,0,0,0,0,0
0,0,0,0,0,0,0,0,0,0,0,0,0,0,0,0,0,0,0,0
0,0,0,0,0,0,0,0,0,0,0,0,0,0,0,0,0,0,0,0
0,0,0,0,0,0,0,0,0,0,0,0,0,0,0,0,0,0,0,0
0,0,0,0,0,0,0,0,0,0,0,0,0,0,0,0,0,0,0,0
0,0,0,0,0,0,0,0,0,0,0,0,0,0,0,0,0,0,0,0
0,0,0,0,0,0,0,0,0,0,0,0,0,0,0,0,0,0,0,0
0,0,0,0,0,0,0,0,0,0,0,0,0,0,0,0,0,0,0,0
0,0,0,0,0,0,0,0,0,0,0,0,0,0,0,0,0,0,0,0
0,0,0,45,0,0,0,0,0,0,0,0,15,0,0,0,0,0,0,0
0,0,48,29,58,76,0,0,0,0,0,57,55,0,0,0,61,0,0,0
0,22,8,65,11,4,72,77,0,38,14,78,79,0,0,13,54,71,0,0
5,34,67,75,49,35,64,16,0,31,9,21,19,0,50,20,56,70,0,28
62,73,37,2,43,42,74,66,12,40,17,1,51,27,63,3,24,36,26,53
39,30,47,41,80,60,59,7,23,52,46,25,68,33,18,32,10,44,69,6
0,0,0,0,0,0,0,0,0,0,0,0,0,0,0,0,0,0,0,0
0,0,0,0,0,0,0,0,0,0,0,0,0,0,0,0,0,0,0,0
0,0,0,0,0,0,0,0,0,0,0,0,0,0,0,0,0,0,0,0
0,0,0,0,0,0,0,0,0,0,0,0,0,0,0,0,0,0,0,0
0,0,0,0,0,0,0,0,0,0,0,0,0,0,0,0,0,0,0,0
0,0,0,0,0,0,0,0,0,0,0,0,0,0,0,0,0,0,0,0
0,0,0,0,0,0,0,0,0,0,0,0,0,0,0,0,0,0,0,0
0,0,0,0,0,0,0,0,0,0,0,0,0,0,0,0,0,0,0,0
0,0,0,0,0,0,0,0,0,0,0,0,0,0,0,0,0,0,0,0
0,0,0,5,0,0,0,0,0,0,0,0,0,0,0,0,0,0,79,0
0,0,8,15,0,0,0,0,0,0,48,0,0,57,61,0,71,0,77,0
4,0,11,16,0,22,0,0,31,0,38,0,49,54,55,0,62,0,72,76
9,0,13,19,20,14,29,28,42,45,34,35,53,50,58,64,67,70,73,78
1,2,3,12,17,21,24,26,27,36,37,40,43,56,51,63,66,65,74,75
6,7,10,18,23,25,30,32,33,39,41,44,46,47,52,59,60,68,69,80
0,0,0,0,0,0,0,0,0,0,0,0,0,0,0,0,0,0,0,0
0,0,0,0,0,0,0,0,0,0,0,0,0,0,0,0,0,0,0,0
0,0,0,0,0,0,0,0,0,0,0,0,0,0,0,0,0,0,0,0
0,0,0,0,0,0,0,0,0,0,0,0,0,0,0,0,0,0,0,0
0,0,0,0,0,0,0,0,0,0,0,0,0,0,0,0,0,0,0,0
0,0,0,0,0,0,0,0,0,0,0,0,0,0,0,0,0,0,0,0
0,0,0,0,0,0,0,0,0,0,0,0,0,0,0,0,0,0,0,0
0,0,0,0,0,0,0,0,0,0,0,0,0,0,0,0,0,0,0,0
0,0,0,0,0,0,0,0,0,0,0,0,0,0,0,0,0,0,0,0
0,0,0,0,0,0,0,0,0,0,0,0,0,0,0,0,0,0,0,0
0,22,0,0,0,76,72,77,0,38,14,0,15,0,0,0,54,0,0,0
0,34,48,65,0,4,64,16,0,31,9,21,55,0,50,13,56,70,0,0
5,73,8,2,11,42,74,66,0,40,17,1,19,27,63,20,24,36,0,28
62,30,37,41,80,60,59,7,23,52,46,25,51,33,18,32,10,44,26,53
68,49,71,78,6,43,69,58,45,3,79,29,67,61,47,39,12,35,57,75
0,0,0,0,0,0,0,0,0,0,0,0,0,0,0,0,0,0,0,0
0,0,0,0,0,0,0,0,0,0,0,0,0,0,0,0,0,0,0,0
0,0,0,0,0,0,0,0,0,0,0,0,0,0,0,0,0,0,0,0
0,0,0,0,0,0,0,0,0,0,0,0,0,0,0,0,0,0,0,0
0,0,0,0,0,0,0,0,0,0,0,0,0,0,0,0,0,0,0,0
0,0,0,0,0,0,0,0,0,0,0,0,0,0,0,0,0,0,0,0
0,0,0,0,0,0,0,0,0,0,0,0,0,0,0,0,0,0,0,0
0,0,0,0,0,0,0,0,0,0,0,0,0,0,0,0,0,0,0,0
0,0,0,0,0,0,0,0,0,0,0,0,0,0,0,0,0,0,0,0
0,0,0,5,0,0,0,0,0,0,48,0,0,0,0,0,0,0,0,0
0,0,8,15,0,22,0,0,31,0,38,0,0,0,0,0,0,0,77,0
4,0,11,16,20,14,0,28,42,0,34,0,0,54,55,64,62,0,72,0
9,2,13,19,17,21,24,26,27,0,37,40,53,50,51,63,66,70,73,76
1,7,10,18,23,25,30,32,33,36,41,44,46,56,52,59,60,65,74,80
3,6,12,29,35,39,43,45,47,49,57,58,61,67,68,69,71,75,78,79
