2007-06-26
0,0,0,0,0,0,0,0,0,0,0,0,0,0,0,0,0,0,0,0
0,0,0,0,0,0,0,0,0,0,0,0,0,0,0,0,0,0,0,0
0,0,0,0,0,0,0,0,0,0,0,0,0,0,0,0,0,0,0,0
0,0,0,0,0,0,0,0,0,0,0,0,0,0,0,0,0,0,0,0
0,0,0,0,0,0,0,0,0,0,0,0,0,0,0,0,0,0,0,0
0,0,0,0,0,0,0,0,0,0,0,0,0,0,0,0,0,0,0,0
0,0,0,0,0,0,0,0,0,0,0,0,0,0,0,0,0,0,0,0
0,0,0,0,0,0,0,0,0,0,0,0,0,0,0,0,0,0,0,0
0,0,0,0,0,0,0,0,0,0,0,0,0,0,0,0,0,0,0,0
0,0,0,0,59,0,0,0,0,0,0,0,0,0,0,0,0,0,0,0
26,0,0,0,52,0,0,0,69,0,0,78,0,0,0,23,38,40,39,0
63,76,0,0,16,33,0,0,79,60,19,66,0,0,46,37,15,27,44,0
2,73,71,0,74,8,47,0,36,12,31,75,48,67,24,72,3,53,14,25
49,21,61,51,18,50,34,29,70,62,13,80,41,57,68,45,56,20,9,55
10,17,1,42,30,5,54,65,43,11,7,6,4,64,58,32,22,28,35,77
0,0,0,0,0,0,0,0,0,0,0,0,0,0,0,0,0,0,0,0
0,0,0,0,0,0,0,0,0,0,0,0,0,0,0,0,0,0,0,0
0,0,0,0,0,0,0,0,0,0,0,0,0,0,0,0,0,0,0,0
0,0,0,0,0,0,0,0,0,0,0,0,0,0,0,0,0,0,0,0
0,0,0,0,0,0,0,0,0,0,0,0,0,0,0,0,0,0,0,0
0,0,0,0,0,0,0,0,0,0,0,0,0,0,0,0,0,0,0,0
0,0,0,0,0,0,0,0,0,0,0,0,0,0,0,0,0,0,0,0
0,0,0,0,0,0,0,0,0,0,0,0,0,0,0,0,0,0,0,0
0,0,0,0,0,0,0,0,0,0,0,0,0,0,0,0,0,0,0,0
0,0,0,0,0,0,0,0,0,38,26,0,0,0,0,0,69,0,0,0
0,0,0,23,0,0,0,0,0,47,40,46,0,51,0,0,59,76,0,0
0,0,14,16,0,19,0,0,37,27,44,39,48,60,0,63,66,73,71,78
0,0,3,8,9,12,0,15,25,24,31,36,52,53,55,57,67,74,75,79
0,2,13,18,20,21,29,33,34,41,45,49,50,56,61,62,72,68,70,80
1,4,5,6,7,10,11,17,22,28,30,32,35,42,43,54,58,64,65,77
0,0,0,0,0,0,0,0,0,0,0,0,0,0,0,0,0,0,0,0
0,0,0,0,0,0,0,0,0,0,0,0,0,0,0,0,0,0,0,0
0,0,0,0,0,0,0,0,0,0,0,0,0,0,0,0,0,0,0,0
0,0,0,0,0,0,0,0,0,0,0,0,0,0,0,0,0,0,0,0
0,0,0,0,0,0,0,0,0,0,0,0,0,0,0,0,0,0,0,0
0,0,0,0,0,0,0,0,0,0,0,0,0,0,0,0,0,0,0,0
0,0,0,0,0,0,0,0,0,0,0,0,0,0,0,0,0,0,0,0
0,0,0,0,0,0,0,0,0,0,0,0,0,0,0,0,0,0,0,0
0,0,0,0,0,0,0,0,0,0,0,0,0,0,0,0,0,0,0,0
26,0,0,0,0,0,0,0,69,0,0,78,0,0,0,0,0,40,0,0
63,0,0,0,0,0,0,0,79,60,19,66,0,0,0,0,0,27,0,0
2,0,0,0,52,33,47,0,36,12,31,75,0,0,46,23,38,53,0,25
49,0,61,0,18,8,34,0,70,62,13,80,48,57,68,37,3,20,14,55
10,17,1,51,30,50,54,29,43,11,7,6,4,64,58,72,22,28,35,77
5,39,9,74,56,24,32,65,71,15,67,59,21,76,73,16,41,44,42,45
0,0,0,0,0,0,0,0,0,0,0,0,0,0,0,0,0,0,0,0
0,0,0,0,0,0,0,0,0,0,0,0,0,0,0,0,0,0,0,0
0,0,0,0,0,0,0,0,0,0,0,0,0,0,0,0,0,0,0,0
0,0,0,0,0,0,0,0,0,0,0,0,0,0,0,0,0,0,0,0
0,0,0,0,0,0,0,0,0,0,0,0,0,0,0,0,0,0,0,0
0,0,0,0,0,0,0,0,0,0,0,0,0,0,0,0,0,0,0,0
0,0,0,0,0,0,0,0,0,0,0,0,0,0,0,0,0,0,0,0
0,0,0,0,0,0,0,0,0,0,0,0,0,0,0,0,0,0,0,0
0,0,0,0,0,0,0,0,0,0,0,0,0,0,0,0,0,0,0,0
0,0,0,0,0,0,0,0,0,0,0,0,0,0,0,0,0,0,0,0
0,0,0,23,0,0,0,0,37,38,26,0,48,0,0,63,69,0,0,78
0,0,14,8,0,19,0,0,25,47,40,46,52,51,55,57,66,0,0,79
0,2,3,18,20,12,29,33,34,27,31,36,50,60,61,62,72,68,75,80
1,4,13,6,7,10,11,17,22,28,30,49,35,53,43,54,58,64,70,77
5,9,15,16,21,24,32,39,41,42,44,45,56,59,65,67,71,73,74,76
