2007-07-03
0,0,0,0,0,0,0,0,0,0,0,0,0,0,0,0,0,0,0,0
0,0,0,0,0,0,0,0,0,0,0,0,0,0,0,0,0,0,0,0
0,0,0,0,0,0,0,0,0,0,0,0,0,0,0,0,0,0,0,0
0,0,0,0,0,0,0,0,0,0,0,0,0,0,0,0,0,0,0,0
0,0,0,0,0,0,0,0,0,0,0,0,0,0,0,0,0,0,0,0
0,0,0,0,0,0,0,0,0,0,0,0,0,0,0,0,0,0,0,0
0,0,0,0,0,0,0,0,0,0,0,0,0,0,0,0,0,0,0,0
0,0,0,0,0,0,0,0,0,0,0,0,0,0,0,0,0,0,0,0
0,0,0,0,0,0,0,0,79,0,0,0,0,0,0,0,0,0,35,0
0,0,0,0,0,0,0,64,71,0,0,0,4,0,0,0,38,0,42,0
0,0,0,74,18,0,0,75,66,0,0,0,34,0,0,0,3,0,43,0
0,0,1,19,57,0,0,32,77,0,13,0,52,0,0,0,22,53,30,11
2,0,9,40,23,65,0,37,8,0,33,0,54,7,16,0,47,44,78,80
49,72,5,45,51,60,31,46,68,6,62,14,76,25,29,61,26,50,55,15
36,67,27,70,28,41,21,69,39,20,58,63,12,56,48,73,10,59,17,24
0,0,0,0,0,0,0,0,0,0,0,0,0,0,0,0,0,0,0,0
0,0,0,0,0,0,0,0,0,0,0,0,0,0,0,0,0,0,0,0
0,0,0,0,0,0,0,0,0,0,0,0,0,0,0,0,0,0,0,0
0,0,0,0,0,0,0,0,0,0,0,0,0,0,0,0,0,0,0,0
0,0,0,0,0,0,0,0,0,0,0,0,0,0,0,0,0,0,0,0
0,0,0,0,0,0,0,0,0,0,0,0,0,0,0,0,0,0,0,0
0,0,0,0,0,0,0,0,0,0,0,0,0,0,0,0,0,0,0,0
0,0,0,0,0,0,0,0,0,0,0,0,0,0,0,0,0,0,0,0
0,0,3,0,0,0,0,0,0,0,0,0,0,0,0,0,0,0,0,0
0,2,13,0,0,0,0,0,0,38,44,0,0,0,0,0,0,0,0,0
1,4,19,0,0,0,0,0,0,42,43,0,0,0,0,0,71,0,0,79
16,9,11,0,0,0,0,34,30,40,33,49,0,0,0,0,66,72,74,77
5,7,14,18,0,0,0,37,45,32,54,57,35,53,64,0,52,75,78,80
6,8,15,22,23,26,25,29,31,46,50,51,55,47,65,60,61,62,68,76
10,12,17,20,21,24,27,28,36,39,41,48,56,58,59,63,67,69,70,73
0,0,0,0,0,0,0,0,0,0,0,0,0,0,0,0,0,0,0,0
0,0,0,0,0,0,0,0,0,0,0,0,0,0,0,0,0,0,0,0
0,0,0,0,0,0,0,0,0,0,0,0,0,0,0,0,0,0,0,0
0,0,0,0,0,0,0,0,0,0,0,0,0,0,0,0,0,0,0,0
0,0,0,0,0,0,0,0,0,0,0,0,0,0,0,0,0,0,0,0
0,0,0,0,0,0,0,0,0,0,0,0,0,0,0,0,0,0,0,0
0,0,0,0,0,0,0,0,0,0,0,0,0,0,0,0,0,0,0,0
0,0,0,0,0,0,0,0,0,0,0,0,0,0,0,0,0,0,0,0
0,0,0,0,0,0,0,0,0,0,0,0,0,0,0,0,0,0,35,0
0,0,0,74,0,0,0,0,79,0,0,0,4,0,0,0,0,0,42,0
0,0,0,19,57,0,0,0,71,0,0,0,34,0,0,0,0,0,43,11
0,0,0,40,23,65,0,0,66,0,13,0,52,7,0,0,38,53,30,80
0,72,1,45,51,60,31,64,68,0,33,14,54,25,16,61,47,44,55,15
36,67,5,70,28,41,21,32,39,20,62,63,76,56,48,73,26,59,17,24
37,6,8,27,58,50,9,3,69,75,2,22,77,78,12,46,18,49,29,10
0,0,0,0,0,0,0,0,0,0,0,0,0,0,0,0,0,0,0,0
0,0,0,0,0,0,0,0,0,0,0,0,0,0,0,0,0,0,0,0
0,0,0,0,0,0,0,0,0,0,0,0,0,0,0,0,0,0,0,0
0,0,0,0,0,0,0,0,0,0,0,0,0,0,0,0,0,0,0,0
0,0,0,0,0,0,0,0,0,0,0,0,0,0,0,0,0,0,0,0
0,0,0,0,0,0,0,0,0,0,0,0,0,0,0,0,0,0,0,0
0,0,0,0,0,0,0,0,0,0,0,0,0,0,0,0,0,0,0,0
0,0,0,0,0,0,0,0,0,0,0,0,0,0,0,0,0,0,0,0
0,0,13,0,0,0,0,0,0,0,0,0,0,0,0,0,0,0,0,0
0,0,19,0,0,0,0,0,0,38,44,0,0,0,0,0,71,0,0,0
0,0,11,0,0,0,0,0,30,42,43,0,0,0,0,0,66,0,0,79
1,0,14,0,0,0,0,0,45,40,33,57,35,0,64,0,52,0,74,80
16,4,15,0,23,26,0,34,31,32,54,51,55,53,65,60,61,72,68,76
5,7,17,20,21,24,25,28,36,39,41,48,56,47,59,63,67,62,70,73
2,3,6,8,9,10,12,18,22,27,29,37,46,49,50,58,69,75,77,78
