2007-08-16
0,0,0,0,0,0,0,0,0,0,0,0,0,0,0,0,0,0,0,0
0,0,0,0,0,0,0,0,0,0,0,0,0,0,0,0,0,0,0,0
0,0,0,0,0,0,0,0,0,0,0,0,0,0,0,0,0,0,0,0
0,0,0,0,0,0,0,0,0,0,0,0,0,0,0,0,0,0,0,0
0,0,0,0,0,0,0,0,0,0,0,0,0,0,0,0,0,0,0,0
0,0,0,0,0,0,0,0,0,0,0,0,0,0,0,0,0,0,0,0
0,0,0,0,0,0,0,0,0,0,0,0,0,0,0,0,0,0,0,0
0,0,0,0,0,0,0,0,0,0,0,0,0,0,0,0,0,0,0,0
0,0,0,0,0,0,0,0,0,0,0,0,0,0,0,0,5,0,0,0
9,0,0,0,0,0,31,0,0,0,0,0,0,62,0,0,48,0,0,0
67,0,0,0,0,45,16,57,0,0,0,0,0,55,0,0,66,0,0,0
8,0,0,0,79,46,14,71,65,0,49,30,0,15,56,58,80,0,0,34
53,0,38,32,23,76,11,12,52,0,73,39,54,22,50,3,74,0,27,10
51,0,75,41,63,72,33,4,35,29,7,61,47,20,68,43,24,6,42,44
64,59,36,77,2,19,40,13,28,69,60,1,21,25,17,37,70,18,26,78
0,0,0,0,0,0,0,0,0,0,0,0,0,0,0,0,0,0,0,0
0,0,0,0,0,0,0,0,0,0,0,0,0,0,0,0,0,0,0,0
0,0,0,0,0,0,0,0,0,0,0,0,0,0,0,0,0,0,0,0
0,0,0,0,0,0,0,0,0,0,0,0,0,0,0,0,0,0,0,0
0,0,0,0,0,0,0,0,0,0,0,0,0,0,0,0,0,0,0,0
0,0,0,0,0,0,0,0,0,0,0,0,0,0,0,0,0,0,0,0
0,0,0,0,0,0,0,0,0,0,0,0,0,0,0,0,0,0,0,0
0,0,0,0,0,0,0,0,0,0,0,0,0,0,0,0,0,0,0,0
0,0,0,0,0,0,0,0,0,0,0,0,0,0,0,0,0,0,0,0
0,0,9,0,0,0,0,0,0,0,57,0,0,0,0,62,0,0,0,0
0,0,14,22,0,31,30,0,0,0,34,0,49,56,0,55,67,0,0,0
0,0,8,11,0,27,38,0,0,0,46,0,50,45,58,54,71,0,0,79
0,5,10,12,16,32,23,0,42,43,47,0,53,48,66,65,73,74,76,80
3,6,4,7,15,20,24,39,29,33,35,52,41,44,51,61,63,68,72,75
1,2,13,17,18,19,21,25,26,28,36,37,40,59,60,64,69,70,77,78
0,0,0,0,0,0,0,0,0,0,0,0,0,0,0,0,0,0,0,0
0,0,0,0,0,0,0,0,0,0,0,0,0,0,0,0,0,0,0,0
0,0,0,0,0,0,0,0,0,0,0,0,0,0,0,0,0,0,0,0
0,0,0,0,0,0,0,0,0,0,0,0,0,0,0,0,0,0,0,0
0,0,0,0,0,0,0,0,0,0,0,0,0,0,0,0,0,0,0,0
0,0,0,0,0,0,0,0,0,0,0,0,0,0,0,0,0,0,0,0
0,0,0,0,0,0,0,0,0,0,0,0,0,0,0,0,0,0,0,0
0,0,0,0,0,0,0,0,0,0,0,0,0,0,0,0,0,0,0,0
0,0,0,0,0,0,0,0,0,0,0,0,0,0,0,0,0,0,0,0
0,0,0,0,0,45,0,57,0,0,0,0,0,62,0,0,5,0,0,0
0,0,0,0,0,46,31,71,0,0,0,0,0,55,0,58,48,0,0,0
8,0,38,32,0,76,16,12,0,0,73,30,54,15,0,3,80,0,0,10
53,0,75,41,79,72,33,4,52,0,7,39,47,20,0,43,74,6,42,44
64,59,36,77,63,19,40,13,35,29,60,1,21,25,56,37,24,18,26,78
28,27,51,34,69,2,9,70,11,65,50,49,14,17,67,68,66,23,22,61
0,0,0,0,0,0,0,0,0,0,0,0,0,0,0,0,0,0,0,0
0,0,0,0,0,0,0,0,0,0,0,0,0,0,0,0,0,0,0,0
0,0,0,0,0,0,0,0,0,0,0,0,0,0,0,0,0,0,0,0
0,0,0,0,0,0,0,0,0,0,0,0,0,0,0,0,0,0,0,0
0,0,0,0,0,0,0,0,0,0,0,0,0,0,0,0,0,0,0,0
0,0,0,0,0,0,0,0,0,0,0,0,0,0,0,0,0,0,0,0
0,0,0,0,0,0,0,0,0,0,0,0,0,0,0,0,0,0,0,0
0,0,0,0,0,0,0,0,0,0,0,0,0,0,0,0,0,0,0,0
0,0,0,0,0,0,0,0,0,0,0,0,0,0,0,0,0,0,0,0
0,0,0,0,0,0,0,0,0,0,57,0,0,56,0,0,0,0,0,0
0,0,8,0,0,31,30,0,0,0,46,0,0,45,0,62,0,0,0,79
0,0,10,0,16,32,38,0,42,0,47,0,53,48,0,55,71,0,76,80
3,5,4,12,15,20,24,39,29,43,35,52,41,44,58,54,73,0,72,75
1,6,13,7,18,19,21,25,26,33,36,37,40,59,60,64,63,74,77,78
2,9,11,14,17,22,23,27,28,34,49,50,51,61,65,66,67,68,69,70
