2007-10-16
0,0,0,0,0,0,0,0,0,0,0,0,0,0,0,0,0,0,0,0
0,0,0,0,0,0,0,0,0,0,0,0,0,0,0,0,0,0,0,0
0,0,0,0,0,0,0,0,0,0,0,0,0,0,0,0,0,0,0,0
0,0,0,0,0,0,0,0,0,0,0,0,0,0,0,0,0,0,0,0
0,0,0,0,0,0,0,0,0,0,0,0,0,0,0,0,0,0,0,0
0,0,0,0,0,0,0,0,0,0,0,0,0,0,0,0,0,0,0,0
0,0,0,0,0,0,0,0,0,0,0,0,0,0,0,0,0,0,0,0
0,0,0,0,0,0,0,0,0,0,0,0,0,0,0,0,0,0,0,0
0,0,45,0,0,0,0,0,0,0,0,0,0,0,0,0,0,0,0,0
0,0,77,0,0,0,0,0,0,0,0,0,0,9,0,0,0,0,36,0
0,0,46,60,0,0,0,0,0,0,0,0,2,68,0,14,0,27,51,0
0,0,55,52,0,16,38,0,33,24,0,0,47,61,0,72,3,73,1,42
70,0,67,7,11,10,32,74,41,23,0,0,12,64,0,5,39,8,57,62
15,56,54,40,66,69,18,17,35,6,79,71,22,28,59,50,31,13,19,76
4,43,20,53,34,49,80,48,65,44,37,26,75,30,58,63,21,78,29,25
0,0,0,0,0,0,0,0,0,0,0,0,0,0,0,0,0,0,0,0
0,0,0,0,0,0,0,0,0,0,0,0,0,0,0,0,0,0,0,0
0,0,0,0,0,0,0,0,0,0,0,0,0,0,0,0,0,0,0,0
0,0,0,0,0,0,0,0,0,0,0,0,0,0,0,0,0,0,0,0
0,0,0,0,0,0,0,0,0,0,0,0,0,0,0,0,0,0,0,0
0,0,0,0,0,0,0,0,0,0,0,0,0,0,0,0,0,0,0,0
0,0,0,0,0,0,0,0,0,0,0,0,0,0,0,0,0,0,0,0
0,0,0,0,0,0,0,0,0,0,0,0,0,0,0,0,0,0,0,0
3,0,0,0,0,0,0,0,0,0,0,0,0,0,0,0,0,0,0,0
2,0,0,0,0,0,0,0,0,0,0,0,60,0,0,0,0,0,0,0
12,0,9,0,0,0,0,0,0,0,0,0,52,36,0,0,70,77,0,0
1,15,7,14,0,0,0,0,47,27,38,32,55,62,0,0,68,72,73,0
5,10,11,8,0,16,0,24,28,46,42,51,39,59,45,61,56,57,74,76
6,13,19,17,18,22,23,31,35,33,40,50,54,41,64,66,69,71,67,79
4,20,21,25,26,29,30,34,37,43,44,48,49,53,58,63,65,75,78,80
0,0,0,0,0,0,0,0,0,0,0,0,0,0,0,0,0,0,0,0
0,0,0,0,0,0,0,0,0,0,0,0,0,0,0,0,0,0,0,0
0,0,0,0,0,0,0,0,0,0,0,0,0,0,0,0,0,0,0,0
0,0,0,0,0,0,0,0,0,0,0,0,0,0,0,0,0,0,0,0
0,0,0,0,0,0,0,0,0,0,0,0,0,0,0,0,0,0,0,0
0,0,0,0,0,0,0,0,0,0,0,0,0,0,0,0,0,0,0,0
0,0,0,0,0,0,0,0,0,0,0,0,0,0,0,0,0,0,0,0
0,0,0,0,0,0,0,0,0,0,0,0,0,0,0,0,0,0,0,0
0,0,0,0,0,0,0,0,0,0,0,0,0,0,0,0,0,0,0,0
0,0,45,0,0,0,0,0,0,0,0,0,0,0,0,0,0,0,36,0
0,0,77,52,0,0,38,0,0,0,0,0,2,0,0,0,3,27,51,0
70,0,55,7,11,10,32,0,33,24,0,0,12,9,0,0,39,73,1,42
15,56,54,40,66,69,18,0,41,23,0,71,22,61,59,72,31,13,57,62
4,43,20,53,34,49,80,17,65,44,0,26,75,30,58,50,21,78,19,76
16,48,8,25,5,64,60,63,28,14,37,29,67,46,6,35,68,74,47,79
0,0,0,0,0,0,0,0,0,0,0,0,0,0,0,0,0,0,0,0
0,0,0,0,0,0,0,0,0,0,0,0,0,0,0,0,0,0,0,0
0,0,0,0,0,0,0,0,0,0,0,0,0,0,0,0,0,0,0,0
0,0,0,0,0,0,0,0,0,0,0,0,0,0,0,0,0,0,0,0
0,0,0,0,0,0,0,0,0,0,0,0,0,0,0,0,0,0,0,0
0,0,0,0,0,0,0,0,0,0,0,0,0,0,0,0,0,0,0,0
0,0,0,0,0,0,0,0,0,0,0,0,0,0,0,0,0,0,0,0
0,0,0,0,0,0,0,0,0,0,0,0,0,0,0,0,0,0,0,0
0,0,0,0,0,0,0,0,0,0,0,0,0,0,0,0,0,0,0,0
3,0,9,0,0,0,0,0,0,0,0,0,52,36,0,0,0,77,0,0
2,15,7,0,0,0,0,0,0,0,38,0,55,62,0,0,70,72,0,0
12,10,11,0,0,0,0,24,0,27,42,32,39,59,0,0,56,57,0,0
1,13,19,0,18,0,23,31,0,33,40,51,54,41,45,61,69,71,73,76
4,20,21,17,26,22,30,34,0,43,44,50,49,53,58,66,65,75,78,80
5,6,8,14,16,25,28,29,35,37,46,47,48,60,63,64,67,68,74,79
