2008-02-04
0,0,0,0,0,0,0,0,0,0,0,0,0,0,0,0,0,0,0,0
0,0,0,0,0,0,0,0,0,0,0,0,0,0,0,0,0,0,0,0
0,0,0,0,0,0,0,0,0,0,0,0,0,0,0,0,0,0,0,0
0,0,0,0,0,0,0,0,0,0,0,0,0,0,0,0,0,0,0,0
0,0,0,0,0,0,0,0,0,0,0,0,0,0,0,0,0,0,0,0
0,0,0,0,0,0,0,0,0,0,0,0,0,0,0,0,0,0,0,0
0,0,0,0,0,0,0,0,0,0,0,0,0,0,0,0,0,0,0,0
0,0,0,0,0,0,0,0,0,0,0,0,0,0,0,0,0,0,0,0
0,0,63,0,0,0,0,0,0,0,0,0,0,0,0,0,0,0,0,0
0,0,72,0,30,0,0,0,0,28,0,0,0,24,0,20,0,0,0,0
0,0,15,0,19,64,75,65,0,36,0,43,0,8,0,71,0,0,0,0
31,0,29,42,46,44,70,7,37,73,0,68,0,34,0,51,0,0,0,17
2,0,12,40,38,9,54,1,78,22,0,6,0,67,33,69,0,0,0,61
27,11,16,55,25,62,79,4,76,74,77,58,0,45,57,5,56,0,18,53
59,49,3,47,48,10,80,14,52,41,23,21,35,32,50,39,66,26,60,13
0,0,0,0,0,0,0,0,0,0,0,0,0,0,0,0,0,0,0,0
0,0,0,0,0,0,0,0,0,0,0,0,0,0,0,0,0,0,0,0
0,0,0,0,0,0,0,0,0,0,0,0,0,0,0,0,0,0,0,0
0,0,0,0,0,0,0,0,0,0,0,0,0,0,0,0,0,0,0,0
0,0,0,0,0,0,0,0,0,0,0,0,0,0,0,0,0,0,0,0
0,0,0,0,0,0,0,0,0,0,0,0,0,0,0,0,0,0,0,0
0,0,0,0,0,0,0,0,0,0,0,0,0,0,0,0,0,0,0,0
0,0,0,0,0,0,0,0,0,0,0,0,0,0,0,0,0,0,0,0
0,0,0,0,0,0,0,0,30,0,0,0,0,0,0,0,0,0,71,0
0,0,0,0,0,0,0,28,24,0,31,0,0,0,0,0,0,0,64,0
0,0,0,0,17,0,0,33,36,0,42,0,37,0,0,0,0,72,75,0
0,0,8,0,19,0,0,29,34,0,40,43,51,63,0,0,0,68,70,0
0,2,15,7,6,9,0,12,18,0,22,44,46,38,65,61,69,67,78,73
1,4,11,5,16,25,20,27,45,53,55,56,57,58,54,62,74,76,77,79
3,10,13,14,21,23,26,32,35,39,41,47,48,49,50,52,59,60,66,80
0,0,0,0,0,0,0,0,0,0,0,0,0,0,0,0,0,0,0,0
0,0,0,0,0,0,0,0,0,0,0,0,0,0,0,0,0,0,0,0
0,0,0,0,0,0,0,0,0,0,0,0,0,0,0,0,0,0,0,0
0,0,0,0,0,0,0,0,0,0,0,0,0,0,0,0,0,0,0,0
0,0,0,0,0,0,0,0,0,0,0,0,0,0,0,0,0,0,0,0
0,0,0,0,0,0,0,0,0,0,0,0,0,0,0,0,0,0,0,0
0,0,0,0,0,0,0,0,0,0,0,0,0,0,0,0,0,0,0,0
0,0,0,0,0,0,0,0,0,0,0,0,0,0,0,0,0,0,0,0
0,0,0,0,0,0,0,0,0,28,0,0,0,0,0,0,0,0,0,0
0,0,63,0,0,0,0,0,0,36,0,0,0,0,0,20,0,0,0,0
31,0,72,0,30,0,0,65,0,73,0,43,0,0,0,71,0,0,0,0
2,0,29,42,19,64,75,1,37,22,0,68,0,67,33,51,0,0,0,17
27,0,12,40,46,44,54,4,78,74,0,6,0,45,57,5,56,0,0,61
59,49,3,47,38,9,79,14,52,41,77,58,35,32,50,39,66,26,18,13
62,69,11,48,55,8,70,10,16,25,80,76,60,23,53,24,34,15,21,7
0,0,0,0,0,0,0,0,0,0,0,0,0,0,0,0,0,0,0,0
0,0,0,0,0,0,0,0,0,0,0,0,0,0,0,0,0,0,0,0
0,0,0,0,0,0,0,0,0,0,0,0,0,0,0,0,0,0,0,0
0,0,0,0,0,0,0,0,0,0,0,0,0,0,0,0,0,0,0,0
0,0,0,0,0,0,0,0,0,0,0,0,0,0,0,0,0,0,0,0
0,0,0,0,0,0,0,0,0,0,0,0,0,0,0,0,0,0,0,0
0,0,0,0,0,0,0,0,0,0,0,0,0,0,0,0,0,0,0,0
0,0,0,0,0,0,0,0,0,0,0,0,0,0,0,0,0,0,0,0
0,0,0,0,0,0,0,28,0,0,0,0,0,0,0,0,0,0,71,0
0,0,0,0,0,0,0,33,30,0,31,0,0,0,0,0,0,0,64,0
0,0,0,0,0,0,0,29,36,0,42,43,37,63,0,0,0,0,75,0
0,0,0,0,17,0,0,12,18,0,40,44,51,38,65,0,0,72,78,0
1,2,0,5,19,0,20,27,45,0,22,56,46,58,54,61,74,68,77,73
3,4,13,14,6,9,26,32,35,39,41,47,57,49,50,52,59,67,66,79
7,8,10,11,15,16,21,23,24,25,34,48,53,55,60,62,69,70,76,80
