2008-03-20
0,0,0,0,0,0,0,0,0,0,0,0,0,0,0,0,0,0,0,0
0,0,0,0,0,0,0,0,0,0,0,0,0,0,0,0,0,0,0,0
0,0,0,0,0,0,0,0,0,0,0,0,0,0,0,0,0,0,0,0
0,0,0,0,0,0,0,0,0,0,0,0,0,0,0,0,0,0,0,0
0,0,0,0,0,0,0,0,0,0,0,0,0,0,0,0,0,0,0,0
0,0,0,0,0,0,0,0,0,0,0,0,0,0,0,0,0,0,0,0
0,0,0,0,0,0,0,0,0,0,0,0,0,0,0,0,0,0,0,0
0,0,0,0,0,0,0,0,0,0,0,0,0,0,0,0,0,0,0,0
0,0,0,0,0,0,0,0,0,0,0,0,0,0,0,0,0,0,0,0
0,0,0,31,37,0,0,0,0,0,0,0,0,0,0,0,0,0,0,0
62,74,0,73,42,0,51,78,0,26,0,0,0,0,77,0,0,0,0,0
9,30,0,39,24,20,6,48,0,72,52,0,0,0,53,64,0,0,29,0
3,50,58,45,41,54,21,71,23,68,22,44,70,0,7,36,60,0,11,43
14,59,15,67,33,46,13,17,76,66,16,63,80,56,12,61,28,8,2,75
32,49,19,38,4,47,18,34,69,25,57,79,35,27,5,40,10,1,65,55
0,0,0,0,0,0,0,0,0,0,0,0,0,0,0,0,0,0,0,0
0,0,0,0,0,0,0,0,0,0,0,0,0,0,0,0,0,0,0,0
0,0,0,0,0,0,0,0,0,0,0,0,0,0,0,0,0,0,0,0
0,0,0,0,0,0,0,0,0,0,0,0,0,0,0,0,0,0,0,0
0,0,0,0,0,0,0,0,0,0,0,0,0,0,0,0,0,0,0,0
0,0,0,0,0,0,0,0,0,0,0,0,0,0,0,0,0,0,0,0
0,0,0,0,0,0,0,0,0,0,0,0,0,0,0,0,0,0,0,0
0,0,0,0,0,0,0,0,0,0,0,0,0,0,0,0,52,0,0,0
0,0,0,0,0,0,0,0,37,0,0,0,0,0,0,0,60,0,0,0
0,0,0,0,22,0,0,0,44,0,0,0,0,0,0,0,74,0,77,0
0,0,0,0,26,0,0,0,29,43,0,0,0,0,51,0,64,0,72,0
0,0,0,6,9,0,0,0,41,30,31,0,0,0,54,53,73,70,78,80
3,0,11,12,16,21,24,0,23,45,33,39,0,42,48,62,68,71,75,76
2,7,8,13,14,15,17,20,36,28,46,50,0,56,58,59,61,63,66,67
1,4,5,10,18,19,25,27,32,34,35,38,40,47,49,55,57,65,69,79
0,0,0,0,0,0,0,0,0,0,0,0,0,0,0,0,0,0,0,0
0,0,0,0,0,0,0,0,0,0,0,0,0,0,0,0,0,0,0,0
0,0,0,0,0,0,0,0,0,0,0,0,0,0,0,0,0,0,0,0
0,0,0,0,0,0,0,0,0,0,0,0,0,0,0,0,0,0,0,0
0,0,0,0,0,0,0,0,0,0,0,0,0,0,0,0,0,0,0,0
0,0,0,0,0,0,0,0,0,0,0,0,0,0,0,0,0,0,0,0
0,0,0,0,0,0,0,0,0,0,0,0,0,0,0,0,0,0,0,0
0,0,0,0,0,0,0,0,0,0,0,0,0,0,0,0,0,0,0,0
0,0,0,0,0,0,0,0,0,0,0,0,0,0,0,0,0,0,0,0
62,0,0,31,0,0,51,0,0,0,0,0,0,0,77,0,0,0,0,0
9,0,0,73,0,0,6,0,0,26,0,0,0,0,53,0,0,0,0,0
3,74,58,39,37,54,21,71,23,68,0,44,0,0,7,0,60,0,0,43
14,59,15,45,33,46,13,17,76,66,52,63,0,0,12,0,28,8,29,75
32,49,19,38,4,47,18,34,69,25,16,79,35,56,5,40,10,1,2,55
57,70,65,24,41,67,27,30,64,22,20,78,36,48,80,50,42,61,72,11
0,0,0,0,0,0,0,0,0,0,0,0,0,0,0,0,0,0,0,0
0,0,0,0,0,0,0,0,0,0,0,0,0,0,0,0,0,0,0,0
0,0,0,0,0,0,0,0,0,0,0,0,0,0,0,0,0,0,0,0
0,0,0,0,0,0,0,0,0,0,0,0,0,0,0,0,0,0,0,0
0,0,0,0,0,0,0,0,0,0,0,0,0,0,0,0,0,0,0,0
0,0,0,0,0,0,0,0,0,0,0,0,0,0,0,0,0,0,0,0
0,0,0,0,0,0,0,0,0,0,0,0,0,0,0,0,0,0,0,0
0,0,0,0,0,0,0,0,0,0,0,0,0,0,0,0,0,0,0,0
0,0,0,0,0,0,0,0,0,0,0,0,0,0,0,0,0,0,0,0
0,0,0,0,26,0,0,0,37,0,0,0,0,0,0,0,52,0,0,0
0,0,0,6,9,0,0,0,44,43,31,0,0,0,51,53,60,0,77,0
3,0,0,12,16,21,0,0,29,45,33,0,0,0,54,62,74,0,75,0
2,7,8,13,14,15,17,0,23,28,46,39,0,56,58,59,73,71,66,76
1,4,5,10,18,19,25,0,32,34,35,38,40,47,49,55,68,63,69,79
11,20,22,24,27,30,36,41,42,48,50,57,61,64,65,67,70,72,78,80
