2008-04-18
0,0,0,0,0,0,0,0,0,0,0,0,0,0,0,0,0,0,0,0
0,0,0,0,0,0,0,0,0,0,0,0,0,0,0,0,0,0,0,0
0,0,0,0,0,0,0,0,0,0,0,0,0,0,0,0,0,0,0,0
0,0,0,0,0,0,0,0,0,0,0,0,0,0,0,0,0,0,0,0
0,0,0,0,0,0,0,0,0,0,0,0,0,0,0,0,0,0,0,0
0,0,0,0,0,0,0,0,0,0,0,0,0,0,0,0,0,0,0,0
0,0,0,0,0,0,0,0,0,0,0,0,0,0,0,0,0,0,0,0
0,64,0,0,9,0,0,0,0,0,0,0,0,0,0,0,0,0,0,0
0,67,0,0,57,0,0,0,0,0,0,0,0,0,0,0,0,0,0,0
0,19,0,0,77,0,0,0,0,72,0,0,0,0,0,0,0,0,0,0
0,80,0,0,47,0,0,0,0,11,0,0,79,69,0,0,0,0,56,0
0,61,31,20,1,0,0,50,0,7,0,0,75,53,0,10,33,0,3,0
78,27,34,18,76,35,8,14,0,25,73,0,44,46,5,65,60,0,16,0
13,29,68,4,22,39,26,17,40,59,58,28,66,71,37,38,43,51,42,48
23,24,21,45,36,2,62,55,41,63,49,12,30,6,52,54,15,74,32,70
0,0,0,0,0,0,0,0,0,0,0,0,0,0,0,0,0,0,0,0
0,0,0,0,0,0,0,0,0,0,0,0,0,0,0,0,0,0,0,0
0,0,0,0,0,0,0,0,0,0,0,0,0,0,0,0,0,0,0,0
0,0,0,0,0,0,0,0,0,0,0,0,0,0,0,0,0,0,0,0
0,0,0,0,0,0,0,0,0,0,0,0,0,0,0,0,0,0,0,0
0,0,0,0,0,0,0,0,0,0,0,0,0,0,0,0,0,0,0,0
0,0,0,0,0,0,0,0,0,0,0,0,0,0,0,0,0,0,0,0
0,0,0,10,0,0,0,0,0,0,0,0,0,0,0,0,0,0,0,0
0,0,0,19,0,0,0,0,0,0,0,0,0,0,0,0,0,0,0,0
0,0,9,33,0,0,0,0,0,0,0,0,0,0,64,0,0,0,79,69
3,0,11,16,0,0,0,0,0,0,0,0,0,0,57,0,0,0,77,80
7,0,8,14,0,0,0,0,31,0,44,48,56,0,65,0,72,0,61,78
1,0,5,18,20,0,25,27,34,0,38,47,46,0,59,50,67,75,73,76
4,13,17,22,26,28,29,35,37,39,40,42,43,51,58,60,53,66,68,71
2,6,12,15,21,23,24,30,32,36,41,45,49,52,54,55,62,63,70,74
0,0,0,0,0,0,0,0,0,0,0,0,0,0,0,0,0,0,0,0
0,0,0,0,0,0,0,0,0,0,0,0,0,0,0,0,0,0,0,0
0,0,0,0,0,0,0,0,0,0,0,0,0,0,0,0,0,0,0,0
0,0,0,0,0,0,0,0,0,0,0,0,0,0,0,0,0,0,0,0
0,0,0,0,0,0,0,0,0,0,0,0,0,0,0,0,0,0,0,0
0,0,0,0,0,0,0,0,0,0,0,0,0,0,0,0,0,0,0,0
0,0,0,0,0,0,0,0,0,0,0,0,0,0,0,0,0,0,0,0
0,67,0,0,0,0,0,0,0,0,0,0,0,0,0,0,0,0,0,0
0,19,0,0,0,0,0,0,0,0,0,0,0,0,0,0,0,0,0,0
0,80,0,0,9,0,0,0,0,11,0,0,0,0,0,0,0,0,0,0
0,61,0,0,57,0,0,50,0,7,0,0,0,0,0,0,33,0,56,0
0,27,31,18,77,35,8,14,0,25,73,0,0,69,0,10,60,0,16,0
78,29,34,4,76,39,26,17,40,59,58,0,79,53,0,65,43,0,42,0
13,24,68,45,36,2,62,55,41,63,49,28,75,71,52,38,15,51,32,48
44,72,66,20,30,54,74,3,37,12,46,22,21,64,1,5,6,47,23,70
0,0,0,0,0,0,0,0,0,0,0,0,0,0,0,0,0,0,0,0
0,0,0,0,0,0,0,0,0,0,0,0,0,0,0,0,0,0,0,0
0,0,0,0,0,0,0,0,0,0,0,0,0,0,0,0,0,0,0,0
0,0,0,0,0,0,0,0,0,0,0,0,0,0,0,0,0,0,0,0
0,0,0,0,0,0,0,0,0,0,0,0,0,0,0,0,0,0,0,0
0,0,0,0,0,0,0,0,0,0,0,0,0,0,0,0,0,0,0,0
0,0,0,0,0,0,0,0,0,0,0,0,0,0,0,0,0,0,0,0
0,0,0,10,0,0,0,0,0,0,0,0,0,0,0,0,0,0,0,0
0,0,0,19,0,0,0,0,0,0,0,0,0,0,0,0,0,0,0,0
0,0,0,33,0,0,0,0,0,0,0,0,0,0,0,0,0,0,79,69
0,0,9,16,0,0,0,0,0,0,0,0,0,0,57,0,0,0,77,80
7,0,11,14,0,0,25,0,31,0,38,48,56,0,65,50,67,0,61,78
4,0,8,18,0,0,29,27,34,39,40,42,43,51,59,60,53,75,73,76
2,13,17,15,26,28,24,35,32,36,41,45,49,52,58,55,62,63,68,71
1,3,5,6,12,20,21,22,23,30,37,44,46,47,54,64,66,70,72,74
