2008-04-25
0,0,0,0,0,0,0,0,0,0,0,0,0,0,0,0,0,0,0,0
0,0,0,0,0,0,0,0,0,0,0,0,0,0,0,0,0,0,0,0
0,0,0,0,0,0,0,0,0,0,0,0,0,0,0,0,0,0,0,0
0,0,0,0,0,0,0,0,0,0,0,0,0,0,0,0,0,0,0,0
0,0,0,0,0,0,0,0,0,0,0,0,0,0,0,0,0,0,0,0
0,0,0,0,0,0,0,0,0,0,0,0,0,0,0,0,0,0,0,0
0,0,0,0,0,0,0,0,0,0,0,0,0,0,0,0,0,0,0,0
0,0,0,0,0,0,0,0,0,0,0,0,0,0,0,0,0,0,0,0
0,0,0,0,0,0,0,0,0,0,0,0,0,0,0,0,0,0,0,0
0,67,0,0,0,4,0,0,0,0,0,0,0,0,0,38,0,0,0,48
0,24,0,0,36,53,0,0,0,0,0,0,0,0,0,5,0,0,0,70
0,64,0,0,17,77,32,3,28,0,58,0,0,69,1,31,18,0,66,59
44,60,0,42,8,71,52,16,40,63,62,73,79,43,10,12,22,0,47,2
55,19,13,65,27,39,34,61,14,41,76,50,54,78,7,49,20,46,72,68
15,80,11,21,26,56,74,33,9,23,51,75,6,30,45,35,37,29,25,57
0,0,0,0,0,0,0,0,0,0,0,0,0,0,0,0,0,0,0,0
0,0,0,0,0,0,0,0,0,0,0,0,0,0,0,0,0,0,0,0
0,0,0,0,0,0,0,0,0,0,0,0,0,0,0,0,0,0,0,0
0,0,0,0,0,0,0,0,0,0,0,0,0,0,0,0,0,0,0,0
0,0,0,0,0,0,0,0,0,0,0,0,0,0,0,0,0,0,0,0
0,0,0,0,0,0,0,0,0,0,0,0,0,0,0,0,0,0,0,0
0,0,0,0,0,0,0,0,0,0,0,0,0,0,0,0,0,0,0,0
0,0,0,0,0,0,0,0,0,0,0,0,0,0,0,0,0,0,0,0
0,0,0,0,0,0,0,0,0,0,0,0,0,0,0,0,0,0,0,0
0,0,0,0,0,0,0,0,0,0,0,0,0,0,0,0,0,63,0,0
1,0,0,28,0,0,0,0,0,0,0,48,0,0,58,73,0,70,79,0
4,3,5,17,0,0,24,32,0,0,38,44,0,0,66,52,67,59,64,69
2,13,8,10,18,0,16,22,31,36,41,40,43,47,42,50,53,62,60,77
7,14,19,20,12,0,27,34,39,46,49,55,61,65,68,72,54,76,78,71
6,9,11,15,21,23,25,26,29,30,33,35,37,45,51,56,57,74,75,80
0,0,0,0,0,0,0,0,0,0,0,0,0,0,0,0,0,0,0,0
0,0,0,0,0,0,0,0,0,0,0,0,0,0,0,0,0,0,0,0
0,0,0,0,0,0,0,0,0,0,0,0,0,0,0,0,0,0,0,0
0,0,0,0,0,0,0,0,0,0,0,0,0,0,0,0,0,0,0,0
0,0,0,0,0,0,0,0,0,0,0,0,0,0,0,0,0,0,0,0
0,0,0,0,0,0,0,0,0,0,0,0,0,0,0,0,0,0,0,0
0,0,0,0,0,0,0,0,0,0,0,0,0,0,0,0,0,0,0,0
0,0,0,0,0,0,0,0,0,0,0,0,0,0,0,0,0,0,0,0
0,67,0,0,0,0,0,0,0,0,0,0,0,0,0,0,0,0,0,48
0,24,0,0,0,0,0,0,0,0,0,0,0,0,0,0,0,0,0,70
0,64,0,0,36,4,0,0,0,0,0,0,0,0,0,0,0,0,66,59
44,60,0,0,17,77,32,16,28,0,58,0,0,69,10,38,0,0,47,2
55,19,0,42,8,71,52,61,14,63,76,50,54,43,7,12,18,0,72,68
15,80,11,21,27,56,74,33,9,23,51,75,6,30,45,35,37,29,25,57
20,22,31,1,5,26,73,39,13,62,53,3,49,41,40,65,34,79,78,46
0,0,0,0,0,0,0,0,0,0,0,0,0,0,0,0,0,0,0,0
0,0,0,0,0,0,0,0,0,0,0,0,0,0,0,0,0,0,0,0
0,0,0,0,0,0,0,0,0,0,0,0,0,0,0,0,0,0,0,0
0,0,0,0,0,0,0,0,0,0,0,0,0,0,0,0,0,0,0,0
0,0,0,0,0,0,0,0,0,0,0,0,0,0,0,0,0,0,0,0
0,0,0,0,0,0,0,0,0,0,0,0,0,0,0,0,0,0,0,0
0,0,0,0,0,0,0,0,0,0,0,0,0,0,0,0,0,0,0,0
0,0,0,0,0,0,0,0,0,0,0,0,0,0,0,0,0,0,0,0
0,0,0,0,0,0,0,0,0,0,0,0,0,0,0,0,0,0,0,0
0,0,0,0,0,0,0,0,0,0,0,0,0,0,58,0,0,63,0,0
4,0,0,28,0,0,24,0,0,0,0,48,0,0,66,52,0,70,0,69
2,0,8,17,18,0,16,0,0,0,0,44,43,0,42,50,67,59,64,77
7,14,19,10,12,0,27,0,0,36,38,55,61,47,68,72,54,76,60,71
6,9,11,15,21,23,25,32,29,30,33,35,37,45,51,56,57,74,75,80
1,3,5,13,20,22,26,31,34,39,40,41,46,49,53,62,65,73,78,79
