2008-05-21
0,0,0,0,0,0,0,0,0,0,0,0,0,0,0,0,0,0,0,0
0,0,0,0,0,0,0,0,0,0,0,0,0,0,0,0,0,0,0,0
0,0,0,0,0,0,0,0,0,0,0,0,0,0,0,0,0,0,0,0
0,0,0,0,0,0,0,0,0,0,0,0,0,0,0,0,0,0,0,0
0,0,0,0,0,0,0,0,0,0,0,0,0,0,0,0,0,0,0,0
0,0,0,0,0,0,0,0,0,0,0,0,0,0,0,0,0,0,0,0
0,0,0,0,0,0,0,0,0,0,0,0,0,0,0,0,0,0,0,0
0,0,0,0,0,0,0,0,0,0,0,0,0,0,0,0,0,0,0,0
0,0,0,0,0,0,0,0,0,0,0,0,0,0,0,0,0,0,0,0
0,77,0,0,0,0,0,0,0,0,0,0,0,0,0,0,0,0,0,0
79,71,29,0,0,0,61,0,0,0,65,0,0,35,0,0,0,0,0,0
68,75,20,43,0,0,73,51,32,0,57,28,0,69,17,0,30,6,0,14
1,19,21,34,74,24,11,58,26,45,67,15,50,27,46,36,4,52,0,80
54,66,37,12,16,44,62,78,64,22,55,25,60,33,41,72,63,3,49,76
31,59,8,47,2,18,40,38,39,70,5,48,23,13,9,42,7,53,10,56
0,0,0,0,0,0,0,0,0,0,0,0,0,0,0,0,0,0,0,0
0,0,0,0,0,0,0,0,0,0,0,0,0,0,0,0,0,0,0,0
0,0,0,0,0,0,0,0,0,0,0,0,0,0,0,0,0,0,0,0
0,0,0,0,0,0,0,0,0,0,0,0,0,0,0,0,0,0,0,0
0,0,0,0,0,0,0,0,0,0,0,0,0,0,0,0,0,0,0,0
0,0,0,0,0,0,0,0,0,0,0,0,0,0,0,0,0,0,0,0
0,0,0,0,0,0,0,0,0,0,0,0,0,0,0,0,0,0,65,0
0,0,0,0,0,0,0,0,0,0,0,0,0,0,0,0,0,0,77,0
0,0,0,0,0,0,0,0,0,0,0,0,0,0,0,0,0,0,69,0
0,0,0,14,0,0,0,0,0,0,0,0,0,0,0,0,0,0,74,0
0,0,0,17,20,0,28,0,0,0,50,0,0,0,0,58,61,0,73,0
0,0,0,16,24,0,29,35,0,0,46,51,57,0,49,67,71,0,75,79
1,6,0,11,12,27,30,19,32,34,26,43,36,0,55,41,68,0,52,80
3,4,0,22,25,15,37,44,21,45,54,33,60,62,63,64,66,72,76,78
2,5,7,8,9,10,13,18,23,31,38,39,40,42,47,48,53,56,59,70
0,0,0,0,0,0,0,0,0,0,0,0,0,0,0,0,0,0,0,0
0,0,0,0,0,0,0,0,0,0,0,0,0,0,0,0,0,0,0,0
0,0,0,0,0,0,0,0,0,0,0,0,0,0,0,0,0,0,0,0
0,0,0,0,0,0,0,0,0,0,0,0,0,0,0,0,0,0,0,0
0,0,0,0,0,0,0,0,0,0,0,0,0,0,0,0,0,0,0,0
0,0,0,0,0,0,0,0,0,0,0,0,0,0,0,0,0,0,0,0
0,0,0,0,0,0,0,0,0,0,0,0,0,0,0,0,0,0,0,0
0,0,0,0,0,0,0,0,0,0,0,0,0,0,0,0,0,0,0,0
0,0,0,0,0,0,0,0,0,0,0,0,0,0,0,0,0,0,0,0
0,77,0,0,0,0,0,0,0,0,0,0,0,0,0,0,0,0,0,0
79,71,0,43,0,0,0,0,0,0,65,0,0,0,17,0,0,0,0,14
68,19,29,34,74,0,61,51,32,0,57,0,0,69,46,0,30,6,0,80
1,66,20,12,16,0,62,58,26,45,67,15,50,27,41,72,63,52,49,76
31,59,37,47,2,18,40,38,39,22,5,25,60,13,9,42,7,53,10,56
44,35,55,75,23,21,64,33,4,3,54,36,11,28,73,70,8,78,48,24
0,0,0,0,0,0,0,0,0,0,0,0,0,0,0,0,0,0,0,0
0,0,0,0,0,0,0,0,0,0,0,0,0,0,0,0,0,0,0,0
0,0,0,0,0,0,0,0,0,0,0,0,0,0,0,0,0,0,0,0
0,0,0,0,0,0,0,0,0,0,0,0,0,0,0,0,0,0,0,0
0,0,0,0,0,0,0,0,0,0,0,0,0,0,0,0,0,0,0,0
0,0,0,0,0,0,0,0,0,0,0,0,0,0,0,0,0,0,0,0
0,0,0,0,0,0,0,0,0,0,0,0,0,0,0,0,0,0,0,0
0,0,0,0,0,0,0,0,0,0,0,0,0,0,0,0,0,0,65,0
0,0,0,0,0,0,0,0,0,0,0,0,0,0,0,0,0,0,77,0
0,0,0,0,0,0,0,0,0,0,0,0,0,0,0,0,61,0,69,0
0,0,0,14,20,0,29,0,0,0,50,0,0,0,0,0,71,0,74,0
0,0,0,17,12,27,30,0,0,34,46,51,57,0,49,58,68,0,52,0
1,6,0,16,25,15,37,19,0,45,26,43,60,62,63,67,66,72,76,79
2,5,7,22,9,10,13,18,32,31,38,39,40,42,47,41,53,56,59,80
3,4,8,11,21,23,24,28,33,35,36,44,48,54,55,64,70,73,75,78
