2008-05-31
0,0,0,0,0,0,0,0,0,0,0,0,0,0,0,0,0,0,0,0
0,0,0,0,0,0,0,0,0,0,0,0,0,0,0,0,0,0,0,0
0,0,0,0,0,0,0,0,0,0,0,0,0,0,0,0,0,0,0,0
0,0,0,0,0,0,0,0,0,0,0,0,0,0,0,0,0,0,0,0
0,0,0,0,0,0,0,0,0,0,0,0,0,0,0,0,0,0,0,0
0,0,0,0,0,0,0,0,0,0,0,0,0,0,0,0,0,0,0,0
0,0,0,0,0,0,0,0,0,0,0,0,0,0,0,0,0,0,0,0
0,0,0,0,0,0,0,0,0,0,0,0,0,0,0,0,0,0,0,14
0,0,0,0,0,0,0,0,0,0,0,0,0,0,0,0,0,0,0,56
0,67,0,0,0,0,0,35,0,0,0,0,0,0,0,0,0,0,0,72
0,58,37,12,0,0,0,17,0,0,0,0,0,0,0,0,71,0,0,60
65,75,28,47,70,0,0,19,6,23,54,0,0,27,0,0,38,0,0,44
24,51,43,34,21,0,66,22,64,32,53,62,0,74,39,8,55,52,33,15
48,16,7,13,76,0,5,10,2,78,11,9,61,25,73,36,45,1,50,30
80,42,63,26,29,69,41,49,4,18,31,40,3,59,79,20,68,46,57,77
0,0,0,0,0,0,0,0,0,0,0,0,0,0,0,0,0,0,0,0
0,0,0,0,0,0,0,0,0,0,0,0,0,0,0,0,0,0,0,0
0,0,0,0,0,0,0,0,0,0,0,0,0,0,0,0,0,0,0,0
0,0,0,0,0,0,0,0,0,0,0,0,0,0,0,0,0,0,0,0
0,0,0,0,0,0,0,0,0,0,0,0,0,0,0,0,0,0,0,0
0,0,0,0,0,0,0,0,0,0,0,0,0,0,0,0,0,0,0,0
0,0,0,0,0,0,0,0,0,0,0,0,0,0,0,0,0,0,0,0
0,0,0,0,0,0,0,0,0,0,0,0,0,0,0,0,0,56,0,0
0,0,0,0,0,0,0,0,0,0,0,0,0,0,0,0,0,70,0,0
0,0,0,0,0,27,0,0,0,0,0,0,0,0,0,0,0,72,52,0
0,0,17,0,0,19,35,0,0,0,0,0,0,54,0,0,0,60,71,0
0,0,6,14,12,23,24,37,39,0,0,0,0,62,0,0,58,75,73,0
1,8,15,21,22,32,34,33,28,38,44,0,53,55,47,67,64,74,65,0
2,5,7,9,10,11,13,16,25,43,30,51,36,45,48,66,50,61,76,78
3,4,18,20,26,29,31,40,41,42,46,49,57,59,63,68,69,77,79,80
0,0,0,0,0,0,0,0,0,0,0,0,0,0,0,0,0,0,0,0
0,0,0,0,0,0,0,0,0,0,0,0,0,0,0,0,0,0,0,0
0,0,0,0,0,0,0,0,0,0,0,0,0,0,0,0,0,0,0,0
0,0,0,0,0,0,0,0,0,0,0,0,0,0,0,0,0,0,0,0
0,0,0,0,0,0,0,0,0,0,0,0,0,0,0,0,0,0,0,0
0,0,0,0,0,0,0,0,0,0,0,0,0,0,0,0,0,0,0,0
0,0,0,0,0,0,0,0,0,0,0,0,0,0,0,0,0,0,0,0
0,0,0,0,0,0,0,0,0,0,0,0,0,0,0,0,0,0,0,0
0,0,0,0,0,0,0,0,0,0,0,0,0,0,0,0,0,0,0,56
0,0,0,0,0,0,0,35,0,0,0,0,0,0,0,0,0,0,0,60
0,67,0,0,0,0,0,17,6,23,0,0,0,0,0,0,0,0,0,44
0,51,0,12,70,0,0,19,64,32,54,62,0,27,39,8,0,0,33,15
48,16,37,34,21,0,66,10,2,78,11,9,61,25,73,36,71,52,50,30
80,42,28,26,29,69,41,49,4,18,31,40,3,59,79,20,45,46,57,77
55,1,14,43,22,13,65,68,76,53,75,5,7,72,74,24,47,58,38,63
0,0,0,0,0,0,0,0,0,0,0,0,0,0,0,0,0,0,0,0
0,0,0,0,0,0,0,0,0,0,0,0,0,0,0,0,0,0,0,0
0,0,0,0,0,0,0,0,0,0,0,0,0,0,0,0,0,0,0,0
0,0,0,0,0,0,0,0,0,0,0,0,0,0,0,0,0,0,0,0
0,0,0,0,0,0,0,0,0,0,0,0,0,0,0,0,0,0,0,0
0,0,0,0,0,0,0,0,0,0,0,0,0,0,0,0,0,0,0,0
0,0,0,0,0,0,0,0,0,0,0,0,0,0,0,0,0,0,0,0
0,0,0,0,0,0,0,0,0,0,0,0,0,0,0,0,0,0,0,0
0,0,0,0,0,27,0,0,0,0,0,0,0,0,0,0,0,0,0,0
0,0,0,0,0,19,0,0,0,0,0,0,0,0,0,0,0,56,0,0
0,0,17,0,0,23,0,37,39,0,0,0,0,54,0,0,0,70,52,0
0,0,6,21,12,32,35,33,28,0,44,0,0,62,0,0,64,60,71,0
2,8,15,9,10,11,34,16,25,0,30,51,36,45,0,67,50,61,73,78
3,4,18,20,26,29,31,40,41,42,46,49,57,59,48,66,69,77,79,80
1,5,7,13,14,22,24,38,43,47,53,55,58,63,65,68,72,74,75,76
