2008-07-02
0,0,0,0,0,0,0,0,0,0,0,0,0,0,0,0,0,0,0,0
0,0,0,0,0,0,0,0,0,0,0,0,0,0,0,0,0,0,0,0
0,0,0,0,0,0,0,0,0,0,0,0,0,0,0,0,0,0,0,0
0,0,0,0,0,0,0,0,0,0,0,0,0,0,0,0,0,0,0,0
0,0,0,0,0,0,0,0,0,0,0,0,0,0,0,0,0,0,0,0
0,0,0,0,0,0,0,0,0,0,0,0,0,0,0,0,0,0,0,0
0,0,0,0,0,0,0,0,0,0,0,0,0,0,0,0,0,0,0,0
0,0,0,0,0,0,0,0,0,0,0,0,0,0,0,0,0,0,0,0
0,0,0,0,0,66,0,0,0,0,0,0,0,0,0,35,0,0,0,0
0,0,8,0,0,44,0,0,0,0,0,0,0,0,0,30,26,0,0,0
0,7,70,0,0,40,0,0,0,0,0,0,0,0,0,68,37,0,0,0
45,63,13,0,0,52,11,57,2,0,0,0,19,0,0,77,14,0,41,0
59,58,48,0,0,32,23,78,17,53,55,51,80,27,15,47,22,65,1,29
12,25,49,5,46,75,60,18,36,79,64,50,39,42,56,4,21,9,61,73
28,34,69,43,72,6,54,74,16,20,33,10,3,76,62,24,38,71,31,67
0,0,0,0,0,0,0,0,0,0,0,0,0,0,0,0,0,0,0,0
0,0,0,0,0,0,0,0,0,0,0,0,0,0,0,0,0,0,0,0
0,0,0,0,0,0,0,0,0,0,0,0,0,0,0,0,0,0,0,0
0,0,0,0,0,0,0,0,0,0,0,0,0,0,0,0,0,0,0,0
0,0,0,0,0,0,0,0,0,0,0,0,0,0,0,0,0,0,0,0
0,0,0,0,0,0,0,0,0,0,0,0,0,0,0,0,0,0,0,0
0,0,0,0,0,0,0,0,0,0,0,0,0,0,0,0,0,0,0,0
0,0,0,0,0,0,0,0,0,0,0,35,0,0,0,0,0,0,0,0
0,0,0,0,0,0,0,0,0,0,0,41,0,0,0,0,0,0,0,0
0,0,0,0,0,0,0,0,0,0,0,45,0,0,0,0,0,0,0,0
0,0,8,0,0,0,0,0,37,0,51,57,0,0,0,0,0,0,70,0
2,11,7,0,17,26,19,0,27,44,52,32,53,59,55,0,66,0,77,80
1,15,22,23,13,14,30,0,47,40,29,58,61,63,64,0,65,0,78,79
4,5,9,12,18,42,21,0,25,48,50,36,39,46,49,56,60,68,73,75
3,6,10,16,20,24,28,31,33,34,38,43,54,62,67,69,71,72,74,76
0,0,0,0,0,0,0,0,0,0,0,0,0,0,0,0,0,0,0,0
0,0,0,0,0,0,0,0,0,0,0,0,0,0,0,0,0,0,0,0
0,0,0,0,0,0,0,0,0,0,0,0,0,0,0,0,0,0,0,0
0,0,0,0,0,0,0,0,0,0,0,0,0,0,0,0,0,0,0,0
0,0,0,0,0,0,0,0,0,0,0,0,0,0,0,0,0,0,0,0
0,0,0,0,0,0,0,0,0,0,0,0,0,0,0,0,0,0,0,0
0,0,0,0,0,0,0,0,0,0,0,0,0,0,0,0,0,0,0,0
0,0,0,0,0,66,0,0,0,0,0,0,0,0,0,0,0,0,0,0
0,0,0,0,0,44,0,0,0,0,0,0,0,0,0,0,26,0,0,0
0,0,8,0,0,40,0,0,0,0,0,0,0,0,0,35,37,0,0,0
0,7,70,0,0,52,11,0,0,0,0,0,0,0,0,30,14,0,0,0
0,58,13,0,0,32,23,78,2,0,0,51,0,0,15,77,22,0,0,0
59,25,48,5,46,75,60,18,17,0,55,50,0,42,56,4,21,65,41,29
28,34,69,43,72,6,54,74,16,0,33,10,80,76,62,24,38,71,61,73
57,27,67,39,63,45,47,19,3,79,53,64,1,36,49,20,31,12,68,9
0,0,0,0,0,0,0,0,0,0,0,0,0,0,0,0,0,0,0,0
0,0,0,0,0,0,0,0,0,0,0,0,0,0,0,0,0,0,0,0
0,0,0,0,0,0,0,0,0,0,0,0,0,0,0,0,0,0,0,0
0,0,0,0,0,0,0,0,0,0,0,0,0,0,0,0,0,0,0,0
0,0,0,0,0,0,0,0,0,0,0,0,0,0,0,0,0,0,0,0
0,0,0,0,0,0,0,0,0,0,0,0,0,0,0,0,0,0,0,0
0,0,0,0,0,0,0,0,0,0,0,0,0,0,0,0,0,0,0,0
0,0,0,0,0,0,0,0,0,0,0,0,0,0,0,0,0,0,0,0
0,0,0,0,0,0,0,0,0,0,0,0,0,0,0,0,0,0,0,0
0,0,0,0,0,0,0,0,0,0,51,35,0,0,0,0,0,0,70,0
0,11,8,0,0,26,0,0,0,44,52,41,0,0,0,0,66,0,77,0
0,15,7,0,17,14,30,0,37,40,29,32,0,59,0,0,65,0,78,80
2,5,22,23,13,42,21,0,25,48,50,58,61,46,0,56,60,0,73,75
4,6,10,16,18,24,28,0,33,34,38,43,54,62,55,69,71,72,74,76
1,3,9,12,19,20,27,31,36,39,45,47,49,53,57,63,64,67,68,79
