2008-09-26
0,0,0,0,0,0,0,0,0,0,0,0,0,0,0,0,0,0,0,0
0,0,0,0,0,0,0,0,0,0,0,0,0,0,0,0,0,0,0,0
0,0,0,0,0,0,0,0,0,0,0,0,0,0,0,0,0,0,0,0
0,0,0,0,0,0,0,0,0,0,0,0,0,0,0,0,0,0,0,0
0,0,0,0,0,0,0,0,0,0,0,0,0,0,0,0,0,0,0,0
0,0,0,0,0,0,0,0,0,0,0,0,0,0,0,0,0,0,0,0
0,0,0,0,0,0,0,0,0,0,0,0,0,0,0,0,0,0,0,0
0,0,0,0,0,0,0,0,0,0,0,0,0,0,0,0,0,0,0,0
0,0,0,0,0,0,0,0,0,0,0,0,0,0,0,0,0,0,0,0
0,0,0,0,0,0,0,44,0,0,0,0,0,0,0,0,0,0,0,0
32,0,0,0,0,0,68,16,70,0,13,0,0,0,0,0,0,0,0,46
54,0,53,47,38,0,29,41,28,0,22,36,0,55,52,9,0,50,0,74
18,39,4,48,2,43,15,62,66,25,20,11,10,64,42,58,75,33,0,56
63,61,71,19,27,14,24,65,21,3,7,12,49,1,69,51,40,6,37,67
23,5,80,73,45,31,78,72,17,79,76,77,26,35,59,60,8,34,57,30
0,0,0,0,0,0,0,0,0,0,0,0,0,0,0,0,0,0,0,0
0,0,0,0,0,0,0,0,0,0,0,0,0,0,0,0,0,0,0,0
0,0,0,0,0,0,0,0,0,0,0,0,0,0,0,0,0,0,0,0
0,0,0,0,0,0,0,0,0,0,0,0,0,0,0,0,0,0,0,0
0,0,0,0,0,0,0,0,0,0,0,0,0,0,0,0,0,0,0,0
0,0,0,0,0,0,0,0,0,0,0,0,0,0,0,0,0,0,0,0
0,0,0,0,0,0,0,0,0,0,0,0,0,0,0,0,0,0,0,0
0,0,0,0,0,0,0,0,0,0,0,0,0,0,0,0,0,0,0,0
0,0,0,0,0,0,0,0,0,0,0,0,0,0,0,0,0,68,0,0
0,0,0,16,0,0,0,0,0,0,0,0,0,0,0,0,0,53,0,0
4,0,0,13,10,0,25,0,36,32,0,0,44,0,0,0,0,74,0,0
11,9,0,22,29,0,38,0,43,49,0,0,52,46,47,70,0,71,75,0
2,14,18,15,28,0,33,37,39,41,54,55,42,58,56,62,0,64,66,0
1,3,6,7,12,20,19,21,24,27,50,48,40,51,61,63,65,67,69,0
5,8,17,23,26,30,31,34,35,45,57,59,60,72,73,76,77,78,79,80
0,0,0,0,0,0,0,0,0,0,0,0,0,0,0,0,0,0,0,0
0,0,0,0,0,0,0,0,0,0,0,0,0,0,0,0,0,0,0,0
0,0,0,0,0,0,0,0,0,0,0,0,0,0,0,0,0,0,0,0
0,0,0,0,0,0,0,0,0,0,0,0,0,0,0,0,0,0,0,0
0,0,0,0,0,0,0,0,0,0,0,0,0,0,0,0,0,0,0,0
0,0,0,0,0,0,0,0,0,0,0,0,0,0,0,0,0,0,0,0
0,0,0,0,0,0,0,0,0,0,0,0,0,0,0,0,0,0,0,0
0,0,0,0,0,0,0,0,0,0,0,0,0,0,0,0,0,0,0,0
0,0,0,0,0,0,0,44,0,0,0,0,0,0,0,0,0,0,0,0
0,0,0,0,0,0,0,16,0,0,0,0,0,0,0,0,0,0,0,0
32,0,0,47,0,0,0,41,70,0,13,36,0,0,52,0,0,50,0,46
54,39,0,48,0,0,68,62,28,25,20,11,0,64,42,0,0,33,0,74
18,61,4,19,0,43,24,65,21,3,7,12,0,1,69,0,75,6,37,56
23,5,71,73,2,31,78,72,17,79,76,77,0,35,59,9,8,34,57,30
80,15,14,38,53,10,22,40,27,29,26,55,67,66,49,51,45,63,58,60
0,0,0,0,0,0,0,0,0,0,0,0,0,0,0,0,0,0,0,0
0,0,0,0,0,0,0,0,0,0,0,0,0,0,0,0,0,0,0,0
0,0,0,0,0,0,0,0,0,0,0,0,0,0,0,0,0,0,0,0
0,0,0,0,0,0,0,0,0,0,0,0,0,0,0,0,0,0,0,0
0,0,0,0,0,0,0,0,0,0,0,0,0,0,0,0,0,0,0,0
0,0,0,0,0,0,0,0,0,0,0,0,0,0,0,0,0,0,0,0
0,0,0,0,0,0,0,0,0,0,0,0,0,0,0,0,0,0,0,0
0,0,0,0,0,0,0,0,0,0,0,0,0,0,0,0,0,0,0,0
0,0,0,0,0,0,0,0,0,0,0,0,0,0,0,0,0,0,0,0
4,0,0,0,0,0,0,0,36,0,0,0,0,0,0,0,0,68,0,0
11,0,0,16,0,0,25,0,43,0,0,0,0,0,47,0,0,74,0,0
2,9,18,13,0,0,33,37,39,0,54,0,44,0,56,70,0,71,75,0
1,3,6,7,28,20,19,21,24,32,50,48,52,46,61,62,65,64,69,0
5,8,17,23,12,30,31,34,35,41,57,59,42,72,73,76,77,78,79,0
10,14,15,22,26,27,29,38,40,45,49,51,53,55,58,60,63,66,67,80
