2008-11-18
0,0,0,0,0,0,0,0,0,0,0,0,0,0,0,0,0,0,0,0
0,0,0,0,0,0,0,0,0,0,0,0,0,0,0,0,0,0,0,0
0,0,0,0,0,0,0,0,0,0,0,0,0,0,0,0,0,0,0,0
0,0,0,0,0,0,0,0,0,0,0,0,0,0,0,0,0,0,0,0
0,0,0,0,0,0,0,0,0,0,0,0,0,0,0,0,0,0,0,0
0,0,0,0,0,0,0,0,0,0,0,0,0,0,0,0,0,0,0,0
0,0,0,0,0,0,0,0,0,0,0,0,0,0,0,0,0,0,0,0
0,0,0,0,0,0,0,0,0,0,0,0,0,0,0,0,0,0,0,0
0,0,0,0,0,0,0,0,0,0,0,0,0,0,0,0,0,0,0,0
0,0,1,0,24,0,0,0,0,0,0,0,0,0,0,0,36,0,0,0
57,0,43,29,6,0,0,0,0,0,0,0,0,0,0,0,77,0,0,0
73,59,11,46,41,0,38,0,75,9,14,0,34,58,60,0,61,22,0,0
62,27,63,39,67,18,31,80,40,28,20,0,42,35,71,0,10,19,70,15
26,53,79,50,37,2,47,48,12,72,25,65,4,8,30,74,78,5,54,45
76,44,49,17,16,13,23,69,51,55,64,66,33,21,32,56,52,7,3,68
0,0,0,0,0,0,0,0,0,0,0,0,0,0,0,0,0,0,0,0
0,0,0,0,0,0,0,0,0,0,0,0,0,0,0,0,0,0,0,0
0,0,0,0,0,0,0,0,0,0,0,0,0,0,0,0,0,0,0,0
0,0,0,0,0,0,0,0,0,0,0,0,0,0,0,0,0,0,0,0
0,0,0,0,0,0,0,0,0,0,0,0,0,0,0,0,0,0,0,0
0,0,0,0,0,0,0,0,0,0,0,0,0,0,0,0,0,0,0,0
0,0,0,0,0,0,0,0,0,0,0,0,0,0,0,0,0,0,0,0
0,0,0,0,0,0,0,0,0,0,0,0,0,0,0,0,0,0,0,0
0,0,0,0,0,0,0,0,0,34,0,0,0,0,0,0,0,0,0,0
0,0,0,0,0,0,0,0,0,29,0,0,43,0,0,0,75,0,0,0
0,0,9,0,22,0,24,0,36,46,0,0,38,0,0,0,61,0,0,77
0,0,6,0,15,0,28,0,31,39,40,0,57,0,60,0,71,0,73,80
1,10,11,14,27,18,19,0,45,47,48,41,58,0,65,59,67,0,70,78
2,5,4,20,8,12,35,42,25,26,30,37,50,62,63,53,54,74,72,79
3,7,13,16,17,21,23,32,33,44,49,51,52,55,56,64,66,68,69,76
0,0,0,0,0,0,0,0,0,0,0,0,0,0,0,0,0,0,0,0
0,0,0,0,0,0,0,0,0,0,0,0,0,0,0,0,0,0,0,0
0,0,0,0,0,0,0,0,0,0,0,0,0,0,0,0,0,0,0,0
0,0,0,0,0,0,0,0,0,0,0,0,0,0,0,0,0,0,0,0
0,0,0,0,0,0,0,0,0,0,0,0,0,0,0,0,0,0,0,0
0,0,0,0,0,0,0,0,0,0,0,0,0,0,0,0,0,0,0,0
0,0,0,0,0,0,0,0,0,0,0,0,0,0,0,0,0,0,0,0
0,0,0,0,0,0,0,0,0,0,0,0,0,0,0,0,0,0,0,0
0,0,0,0,24,0,0,0,0,0,0,0,0,0,0,0,36,0,0,0
0,0,1,0,6,0,0,0,0,0,0,0,0,0,0,0,77,0,0,0
57,0,11,0,41,0,0,0,0,0,0,0,0,0,0,0,61,22,0,0
73,27,63,29,67,18,0,0,75,9,0,0,0,58,60,0,10,19,0,15
62,53,79,46,37,2,38,80,40,72,20,0,4,35,71,0,78,5,0,45
76,44,49,17,16,13,23,48,12,55,25,66,33,21,32,74,52,7,54,68
56,26,64,50,8,42,30,39,3,47,70,31,59,28,14,69,43,65,51,34
0,0,0,0,0,0,0,0,0,0,0,0,0,0,0,0,0,0,0,0
0,0,0,0,0,0,0,0,0,0,0,0,0,0,0,0,0,0,0,0
0,0,0,0,0,0,0,0,0,0,0,0,0,0,0,0,0,0,0,0
0,0,0,0,0,0,0,0,0,0,0,0,0,0,0,0,0,0,0,0
0,0,0,0,0,0,0,0,0,0,0,0,0,0,0,0,0,0,0,0
0,0,0,0,0,0,0,0,0,0,0,0,0,0,0,0,0,0,0,0
0,0,0,0,0,0,0,0,0,0,0,0,0,0,0,0,0,0,0,0
0,0,0,0,0,0,0,0,0,0,0,0,0,0,0,0,0,0,0,0
0,0,0,0,0,0,0,0,0,0,0,0,0,0,0,0,75,0,0,0
0,0,9,0,0,0,0,0,0,0,0,0,0,0,0,0,61,0,0,77
0,0,6,0,22,0,24,0,36,0,0,0,38,0,0,0,71,0,0,80
0,10,11,0,15,18,19,0,45,29,40,0,57,0,0,0,67,0,0,78
1,5,4,20,27,12,35,0,25,46,48,41,58,62,60,0,54,74,73,79
2,7,13,16,17,21,23,32,33,44,49,37,52,55,63,53,66,68,72,76
3,8,14,26,28,30,31,34,39,42,43,47,50,51,56,59,64,65,69,70
