2008-12-15
0,0,0,0,0,0,0,0,0,0,0,0,0,0,0,0,0,0,0,0
0,0,0,0,0,0,0,0,0,0,0,0,0,0,0,0,0,0,0,0
0,0,0,0,0,0,0,0,0,0,0,0,0,0,0,0,0,0,0,0
0,0,0,0,0,0,0,0,0,0,0,0,0,0,0,0,0,0,0,0
0,0,0,0,0,0,0,0,0,0,0,0,0,0,0,0,0,0,0,0
0,0,0,0,0,0,0,0,0,0,0,0,0,0,0,0,0,0,0,0
0,0,0,0,0,0,0,0,0,0,0,0,0,0,0,0,0,0,0,0
0,0,0,0,0,0,0,0,0,0,0,0,0,0,0,0,0,0,0,0
0,0,0,0,0,0,0,0,0,0,0,0,0,0,0,0,0,22,0,0
0,0,0,0,0,0,0,0,0,0,0,0,0,0,0,0,0,44,0,0
0,0,66,5,0,61,0,0,0,0,0,31,0,0,0,29,64,71,0,0
0,0,41,13,77,8,0,32,0,57,0,69,0,12,0,2,50,63,56,0
17,54,67,25,43,15,65,23,0,45,19,46,20,62,33,4,68,27,6,16
36,74,37,38,48,78,47,28,24,30,70,18,34,11,1,21,40,3,60,9
72,10,75,49,14,53,58,51,39,26,76,52,80,42,79,59,73,55,35,7
0,0,0,0,0,0,0,0,0,0,0,0,0,0,0,0,0,0,0,0
0,0,0,0,0,0,0,0,0,0,0,0,0,0,0,0,0,0,0,0
0,0,0,0,0,0,0,0,0,0,0,0,0,0,0,0,0,0,0,0
0,0,0,0,0,0,0,0,0,0,0,0,0,0,0,0,0,0,0,0
0,0,0,0,0,0,0,0,0,0,0,0,0,0,0,0,0,0,0,0
0,0,0,0,0,0,0,0,0,0,0,0,0,0,0,0,0,0,0,0
0,0,0,0,0,0,0,0,0,0,0,0,0,0,0,0,0,0,0,0
0,0,0,0,0,0,0,0,0,0,0,0,0,0,0,0,0,0,0,0
0,0,0,0,0,0,16,0,0,0,0,0,0,0,0,0,0,0,0,0
0,0,5,0,0,31,29,0,0,0,0,0,0,0,0,0,0,0,0,0
2,12,13,0,0,24,19,0,0,0,0,0,0,0,0,66,0,71,0,0
8,15,18,0,0,25,32,0,0,22,47,0,46,0,0,54,0,69,65,70
4,6,17,20,9,27,33,0,0,41,38,44,45,64,0,56,61,62,63,77
1,3,11,21,23,28,30,34,36,37,40,43,48,57,50,60,67,68,74,78
7,10,14,26,35,39,42,49,51,52,53,55,58,59,72,73,75,76,79,80
0,0,0,0,0,0,0,0,0,0,0,0,0,0,0,0,0,0,0,0
0,0,0,0,0,0,0,0,0,0,0,0,0,0,0,0,0,0,0,0
0,0,0,0,0,0,0,0,0,0,0,0,0,0,0,0,0,0,0,0
0,0,0,0,0,0,0,0,0,0,0,0,0,0,0,0,0,0,0,0
0,0,0,0,0,0,0,0,0,0,0,0,0,0,0,0,0,0,0,0
0,0,0,0,0,0,0,0,0,0,0,0,0,0,0,0,0,0,0,0
0,0,0,0,0,0,0,0,0,0,0,0,0,0,0,0,0,0,0,0
0,0,0,0,0,0,0,0,0,0,0,0,0,0,0,0,0,0,0,0
0,0,0,0,0,0,0,0,0,0,0,0,0,0,0,0,0,0,0,0
0,0,0,5,0,0,0,0,0,0,0,0,0,0,0,0,0,22,0,0
0,0,41,13,0,61,0,0,0,0,0,0,0,12,0,29,64,44,0,0
17,0,67,25,43,15,0,23,0,45,19,31,0,62,0,2,50,63,0,16
36,0,37,38,48,78,65,28,0,30,70,69,20,11,0,4,68,27,56,9
72,74,75,49,14,53,47,51,24,26,76,18,80,42,1,59,73,55,35,7
34,39,40,6,33,66,32,71,46,3,58,57,60,21,54,77,10,8,52,79
0,0,0,0,0,0,0,0,0,0,0,0,0,0,0,0,0,0,0,0
0,0,0,0,0,0,0,0,0,0,0,0,0,0,0,0,0,0,0,0
0,0,0,0,0,0,0,0,0,0,0,0,0,0,0,0,0,0,0,0
0,0,0,0,0,0,0,0,0,0,0,0,0,0,0,0,0,0,0,0
0,0,0,0,0,0,0,0,0,0,0,0,0,0,0,0,0,0,0,0
0,0,0,0,0,0,0,0,0,0,0,0,0,0,0,0,0,0,0,0
0,0,0,0,0,0,0,0,0,0,0,0,0,0,0,0,0,0,0,0
0,0,0,0,0,0,0,0,0,0,0,0,0,0,0,0,0,0,0,0
0,0,5,0,0,0,0,0,0,0,0,0,0,0,0,0,0,0,0,0
0,0,13,0,0,31,16,0,0,0,0,0,0,0,0,0,0,0,0,0
2,0,18,0,0,24,29,0,0,0,0,0,0,0,0,0,0,69,0,0
4,0,17,0,9,25,19,0,0,22,47,44,0,0,0,0,61,62,65,70
1,12,11,20,23,27,30,0,36,41,38,43,45,64,50,56,67,68,63,78
7,15,14,26,35,28,42,49,51,37,53,55,48,59,72,73,75,76,74,80
3,6,8,10,21,32,33,34,39,40,46,52,54,57,58,60,66,71,77,79
