2009-01-07
0,0,0,0,0,0,0,0,0,0,0,0,0,0,0,0,0,0,0,0
0,0,0,0,0,0,0,0,0,0,0,0,0,0,0,0,0,0,0,0
0,0,0,0,0,0,0,0,0,0,0,0,0,0,0,0,0,0,0,0
0,0,0,0,0,0,0,0,0,0,0,0,0,0,0,0,0,0,0,0
0,0,0,0,0,0,0,0,0,0,0,0,0,0,0,0,0,0,0,0
0,0,0,0,0,0,0,0,0,0,0,0,0,0,0,0,0,0,0,0
0,0,0,0,0,0,0,0,0,0,0,0,0,0,0,0,0,0,0,0
0,0,0,0,0,0,0,0,0,0,0,0,0,0,0,0,0,0,0,0
0,0,0,0,0,0,0,0,0,0,0,0,0,0,0,0,0,0,0,0
34,0,0,0,0,0,0,0,0,0,0,0,0,0,0,0,0,0,0,0
76,0,0,0,32,0,0,0,78,0,45,0,0,0,0,47,0,49,0,0
51,0,54,46,56,52,0,0,60,0,30,64,2,13,19,9,0,59,55,0
57,73,42,74,4,33,0,3,27,8,44,80,40,25,72,79,6,17,22,58
48,39,75,21,20,31,36,68,18,69,15,29,67,37,1,10,71,26,63,66
14,53,41,61,7,50,65,24,11,12,62,43,70,16,38,5,77,23,35,28
0,0,0,0,0,0,0,0,0,0,0,0,0,0,0,0,0,0,0,0
0,0,0,0,0,0,0,0,0,0,0,0,0,0,0,0,0,0,0,0
0,0,0,0,0,0,0,0,0,0,0,0,0,0,0,0,0,0,0,0
0,0,0,0,0,0,0,0,0,0,0,0,0,0,0,0,0,0,0,0
0,0,0,0,0,0,0,0,0,0,0,0,0,0,0,0,0,0,0,0
0,0,0,0,0,0,0,0,0,0,0,0,0,0,0,0,0,0,0,0
0,0,0,0,0,0,0,0,0,0,0,0,0,0,0,0,0,0,0,0
0,0,0,0,0,0,0,0,0,0,0,0,0,0,0,0,0,0,0,0
0,0,0,0,0,0,0,0,0,0,0,0,0,52,0,0,0,0,0,0
0,0,0,0,0,0,0,0,0,0,0,0,55,60,0,0,0,0,0,0
0,0,0,0,0,25,0,0,0,0,0,0,40,49,46,0,0,74,0,0
6,2,0,9,0,19,0,34,0,45,0,0,42,47,54,0,64,69,78,76
3,13,8,17,22,20,32,27,29,30,56,58,59,51,71,0,73,68,72,80
1,4,10,15,18,21,33,26,36,37,31,39,44,48,57,66,67,63,75,79
5,7,11,12,14,16,23,24,28,35,38,41,43,50,53,61,62,65,70,77
0,0,0,0,0,0,0,0,0,0,0,0,0,0,0,0,0,0,0,0
0,0,0,0,0,0,0,0,0,0,0,0,0,0,0,0,0,0,0,0
0,0,0,0,0,0,0,0,0,0,0,0,0,0,0,0,0,0,0,0
0,0,0,0,0,0,0,0,0,0,0,0,0,0,0,0,0,0,0,0
0,0,0,0,0,0,0,0,0,0,0,0,0,0,0,0,0,0,0,0
0,0,0,0,0,0,0,0,0,0,0,0,0,0,0,0,0,0,0,0
0,0,0,0,0,0,0,0,0,0,0,0,0,0,0,0,0,0,0,0
0,0,0,0,0,0,0,0,0,0,0,0,0,0,0,0,0,0,0,0
0,0,0,0,0,0,0,0,0,0,0,0,0,0,0,0,0,0,0,0
76,0,0,0,0,0,0,0,0,0,0,0,0,0,0,0,0,49,0,0
51,0,54,0,32,0,0,0,78,0,0,0,2,13,0,47,0,59,0,0
57,0,42,0,56,0,0,0,27,0,45,64,40,25,0,79,0,17,55,0
48,0,75,74,4,31,36,68,18,8,44,80,67,37,72,10,6,26,22,58
14,73,41,61,20,50,65,24,11,12,62,29,70,16,38,5,71,23,35,66
52,53,1,69,7,19,15,9,33,39,30,60,77,63,3,43,28,21,34,46
0,0,0,0,0,0,0,0,0,0,0,0,0,0,0,0,0,0,0,0
0,0,0,0,0,0,0,0,0,0,0,0,0,0,0,0,0,0,0,0
0,0,0,0,0,0,0,0,0,0,0,0,0,0,0,0,0,0,0,0
0,0,0,0,0,0,0,0,0,0,0,0,0,0,0,0,0,0,0,0
0,0,0,0,0,0,0,0,0,0,0,0,0,0,0,0,0,0,0,0
0,0,0,0,0,0,0,0,0,0,0,0,0,0,0,0,0,0,0,0
0,0,0,0,0,0,0,0,0,0,0,0,0,0,0,0,0,0,0,0
0,0,0,0,0,0,0,0,0,0,0,0,0,0,0,0,0,0,0,0
0,0,0,0,0,0,0,0,0,0,0,0,0,0,0,0,0,0,0,0
0,0,0,0,0,0,0,0,0,0,0,0,55,49,0,0,0,0,0,0
0,0,0,0,0,0,0,0,0,0,0,0,40,47,0,0,64,0,78,0
0,2,8,0,22,25,0,27,0,45,56,0,42,51,54,0,73,74,72,76
6,13,10,17,18,20,32,26,29,37,31,58,59,48,71,66,67,68,75,80
5,4,11,12,14,16,23,24,36,35,38,41,44,50,57,61,62,65,70,79
1,3,7,9,15,19,21,28,30,33,34,39,43,46,52,53,60,63,69,77
