2002-01-18
0,0,0,0,0,0,0,0,0,0,0,0,0,0,0,0,0,0,0,0
0,0,0,0,0,0,0,0,0,0,0,0,0,0,0,0,0,0,0,0
0,0,0,0,0,0,0,0,0,0,0,0,0,0,0,0,0,0,0,0
0,0,0,0,0,0,0,0,0,0,0,0,0,0,0,0,0,0,0,0
0,0,0,0,0,0,0,0,0,0,0,0,0,0,0,0,0,0,0,0
0,0,0,0,0,0,0,0,0,0,0,0,0,0,0,0,0,0,0,0
0,0,0,0,0,0,0,0,0,0,0,0,0,0,0,0,0,0,0,0
0,0,0,0,0,0,0,0,0,0,0,0,0,0,0,0,0,0,0,0
0,0,0,0,0,0,0,0,0,0,0,0,0,0,0,0,0,0,0,0
0,0,0,0,0,0,0,0,0,0,0,0,0,0,0,0,0,0,0,0
16,79,0,0,6,57,73,0,0,0,0,0,60,0,0,51,0,0,0,0
31,75,0,50,36,72,37,8,77,35,0,24,71,0,0,18,0,0,26,19
1,55,3,17,66,80,41,44,43,33,38,15,78,45,20,4,0,62,39,12
25,40,76,7,49,13,63,52,14,28,32,23,59,2,69,65,70,53,61,21
67,9,5,46,29,58,30,27,34,68,74,47,10,64,56,42,54,22,11,48
0,0,0,0,0,0,0,0,0,0,0,0,0,0,0,0,0,0,0,0
0,0,0,0,0,0,0,0,0,0,0,0,0,0,0,0,0,0,0,0
0,0,0,0,0,0,0,0,0,0,0,0,0,0,0,0,0,0,0,0
0,0,0,0,0,0,0,0,0,0,0,0,0,0,0,0,0,0,0,0
0,0,0,0,0,0,0,0,0,0,0,0,0,0,0,0,0,0,0,0
0,0,0,0,0,0,0,0,0,0,0,0,0,0,0,0,0,0,0,0
0,0,0,0,0,0,0,0,0,0,0,0,0,0,0,0,0,0,0,0
0,0,0,0,0,0,0,0,0,0,0,0,0,0,0,0,0,0,0,0
0,0,0,0,0,0,0,0,0,0,0,0,0,0,0,0,0,0,0,0
0,0,6,0,0,0,0,0,0,0,0,0,0,0,0,0,0,0,0,0
0,0,8,16,0,0,0,0,0,0,24,0,0,0,60,0,0,0,73,79
3,12,15,20,19,0,36,0,0,0,45,0,38,50,51,57,0,71,76,77
1,4,18,14,17,26,31,33,44,37,39,43,55,62,61,66,0,72,75,80
2,7,13,23,25,21,28,32,40,35,41,49,52,53,63,59,69,65,78,70
5,9,10,11,22,27,29,30,34,42,46,47,48,54,56,58,64,67,68,74
0,0,0,0,0,0,0,0,0,0,0,0,0,0,0,0,0,0,0,0
0,0,0,0,0,0,0,0,0,0,0,0,0,0,0,0,0,0,0,0
0,0,0,0,0,0,0,0,0,0,0,0,0,0,0,0,0,0,0,0
0,0,0,0,0,0,0,0,0,0,0,0,0,0,0,0,0,0,0,0
0,0,0,0,0,0,0,0,0,0,0,0,0,0,0,0,0,0,0,0
0,0,0,0,0,0,0,0,0,0,0,0,0,0,0,0,0,0,0,0
0,0,0,0,0,0,0,0,0,0,0,0,0,0,0,0,0,0,0,0
0,0,0,0,0,0,0,0,0,0,0,0,0,0,0,0,0,0,0,0
0,0,0,0,0,0,0,0,0,0,0,0,0,0,0,0,0,0,0,0
0,0,0,0,0,0,0,0,0,0,0,0,0,0,0,0,0,0,0,0
16,79,0,50,0,0,0,0,0,0,0,0,71,0,0,51,0,0,0,0
1,75,3,17,0,57,73,8,77,0,38,24,78,45,0,18,0,62,26,19
25,55,76,7,6,80,37,52,43,0,32,15,59,2,20,4,70,53,39,12
67,40,5,46,36,13,41,27,34,68,74,23,10,64,69,42,54,22,61,48
44,29,72,14,66,49,60,65,56,9,11,47,28,58,35,30,31,21,33,63
0,0,0,0,0,0,0,0,0,0,0,0,0,0,0,0,0,0,0,0
0,0,0,0,0,0,0,0,0,0,0,0,0,0,0,0,0,0,0,0
0,0,0,0,0,0,0,0,0,0,0,0,0,0,0,0,0,0,0,0
0,0,0,0,0,0,0,0,0,0,0,0,0,0,0,0,0,0,0,0
0,0,0,0,0,0,0,0,0,0,0,0,0,0,0,0,0,0,0,0
0,0,0,0,0,0,0,0,0,0,0,0,0,0,0,0,0,0,0,0
0,0,0,0,0,0,0,0,0,0,0,0,0,0,0,0,0,0,0,0
0,0,0,0,0,0,0,0,0,0,0,0,0,0,0,0,0,0,0,0
0,0,6,0,0,0,0,0,0,0,0,0,0,0,0,0,0,0,0,0
0,0,8,0,0,0,0,0,0,0,24,0,0,0,0,0,0,0,73,79
3,0,15,0,19,0,0,0,0,0,45,0,38,50,0,0,0,0,76,77
1,12,18,16,17,0,0,0,0,0,39,0,55,62,0,0,0,0,75,80
2,4,13,20,25,26,0,0,40,37,41,0,52,53,51,57,69,71,78,70
5,7,10,23,22,27,36,32,34,42,46,43,48,54,61,59,64,67,68,74
9,11,14,21,28,29,30,31,33,35,44,47,49,56,58,60,63,65,66,72
