2009-01-26
0,0,0,0,0,0,0,0,0,0,0,0,0,0,0,0,0,0,0,0
0,0,0,0,0,0,0,0,0,0,0,0,0,0,0,0,0,0,0,0
0,0,0,0,0,0,0,0,0,0,0,0,0,0,0,0,0,0,0,0
0,0,0,0,0,0,0,0,0,0,0,0,0,0,0,0,0,0,0,0
0,0,0,0,0,0,0,0,0,0,0,0,0,0,0,0,0,0,0,0
0,0,0,0,0,0,0,0,0,0,0,0,0,0,0,0,0,0,0,0
0,0,0,0,0,0,0,0,0,0,0,0,0,0,0,0,0,0,0,0
0,0,0,0,0,0,0,0,0,0,0,0,0,0,0,0,0,0,0,0
0,0,0,0,0,0,0,0,0,0,0,0,0,0,0,0,0,0,0,0
0,0,65,0,0,0,0,0,0,0,39,0,0,0,0,0,0,0,0,0
0,31,18,0,0,61,0,0,0,78,26,63,0,0,75,0,0,0,0,0
0,33,11,0,0,32,15,48,24,59,72,49,67,0,47,0,13,0,77,0
0,56,42,38,64,5,70,44,51,43,76,29,54,1,12,57,60,3,6,0
50,16,79,41,28,58,66,8,23,17,35,20,14,19,52,74,71,36,25,68
62,53,7,27,55,45,73,4,34,80,30,37,10,40,21,22,69,46,2,9
0,0,0,0,0,0,0,0,0,0,0,0,0,0,0,0,0,0,0,0
0,0,0,0,0,0,0,0,0,0,0,0,0,0,0,0,0,0,0,0
0,0,0,0,0,0,0,0,0,0,0,0,0,0,0,0,0,0,0,0
0,0,0,0,0,0,0,0,0,0,0,0,0,0,0,0,0,0,0,0
0,0,0,0,0,0,0,0,0,0,0,0,0,0,0,0,0,0,0,0
0,0,0,0,0,0,0,0,0,0,0,0,0,0,0,0,0,0,0,0
0,0,0,0,0,0,0,0,0,0,0,0,0,0,0,0,0,0,0,0
0,0,0,0,0,0,0,0,0,0,0,0,0,0,0,0,0,0,0,0
0,0,0,0,0,0,24,0,0,0,0,0,0,0,0,0,0,0,0,0
0,0,0,0,0,0,31,0,0,0,0,0,0,0,0,0,0,0,0,0
0,0,0,18,0,0,33,0,0,0,0,48,0,0,0,63,0,72,0,0
1,11,0,15,0,0,23,26,0,39,0,49,57,56,61,64,0,74,75,78
3,5,6,12,13,0,28,38,47,50,36,42,51,44,59,54,65,60,76,77
8,14,16,17,19,20,25,29,35,32,41,52,43,58,66,68,67,71,79,70
2,4,7,9,10,21,22,27,30,34,37,40,45,46,53,55,62,69,73,80
0,0,0,0,0,0,0,0,0,0,0,0,0,0,0,0,0,0,0,0
0,0,0,0,0,0,0,0,0,0,0,0,0,0,0,0,0,0,0,0
0,0,0,0,0,0,0,0,0,0,0,0,0,0,0,0,0,0,0,0
0,0,0,0,0,0,0,0,0,0,0,0,0,0,0,0,0,0,0,0
0,0,0,0,0,0,0,0,0,0,0,0,0,0,0,0,0,0,0,0
0,0,0,0,0,0,0,0,0,0,0,0,0,0,0,0,0,0,0,0
0,0,0,0,0,0,0,0,0,0,0,0,0,0,0,0,0,0,0,0
0,0,0,0,0,0,0,0,0,0,0,0,0,0,0,0,0,0,0,0
0,0,0,0,0,0,0,0,0,0,0,0,0,0,0,0,0,0,0,0
0,0,0,0,0,0,0,0,0,78,0,0,0,0,75,0,0,0,0,0
0,31,65,0,0,0,0,0,0,59,26,0,0,0,47,0,0,0,77,0
0,33,18,38,64,32,0,48,0,43,76,0,67,0,12,57,0,0,6,0
50,16,11,41,28,5,15,44,24,17,35,20,14,19,52,74,60,36,25,68
62,53,79,27,55,58,73,4,34,80,30,37,10,40,21,22,69,46,2,9
51,1,7,49,13,23,63,66,29,39,42,56,3,8,45,72,54,71,70,61
0,0,0,0,0,0,0,0,0,0,0,0,0,0,0,0,0,0,0,0
0,0,0,0,0,0,0,0,0,0,0,0,0,0,0,0,0,0,0,0
0,0,0,0,0,0,0,0,0,0,0,0,0,0,0,0,0,0,0,0
0,0,0,0,0,0,0,0,0,0,0,0,0,0,0,0,0,0,0,0
0,0,0,0,0,0,0,0,0,0,0,0,0,0,0,0,0,0,0,0
0,0,0,0,0,0,0,0,0,0,0,0,0,0,0,0,0,0,0,0
0,0,0,0,0,0,0,0,0,0,0,0,0,0,0,0,0,0,0,0
0,0,0,0,0,0,0,0,0,0,0,0,0,0,0,0,0,0,0,0
0,0,0,0,0,0,24,0,0,0,0,0,0,0,0,0,0,0,0,0
0,0,0,18,0,0,31,0,0,0,0,0,0,0,0,0,0,0,0,0
0,11,0,15,0,0,33,0,0,0,0,0,0,0,0,0,0,0,75,0
0,5,0,12,0,0,28,26,47,50,36,48,0,44,0,64,65,74,76,78
0,14,6,17,19,20,25,38,35,32,41,52,57,58,59,68,67,60,79,77
2,4,16,9,10,21,22,27,30,34,37,40,43,46,53,55,62,69,73,80
1,3,7,8,13,23,29,39,42,45,49,51,54,56,61,63,66,70,71,72
