2009-04-03
0,0,0,0,0,0,0,0,0,0,0,0,0,0,0,0,0,0,0,0
0,0,0,0,0,0,0,0,0,0,0,0,0,0,0,0,0,0,0,0
0,0,0,0,0,0,0,0,0,0,0,0,0,0,0,0,0,0,0,0
0,0,0,0,0,0,0,0,0,0,0,0,0,0,0,0,0,0,0,0
0,0,0,0,0,0,0,0,0,0,0,0,0,0,0,0,0,0,0,0
0,0,0,0,0,0,0,0,0,0,0,0,0,0,0,0,0,0,0,0
0,0,0,0,0,0,0,0,0,0,0,0,0,0,0,0,0,0,0,0
0,0,0,0,0,0,0,0,0,0,0,0,0,0,0,0,0,0,0,0
0,0,0,0,0,0,0,0,0,0,0,0,0,0,0,0,0,0,0,0
0,0,0,0,0,0,0,0,0,0,0,49,0,0,0,0,0,0,67,0
68,0,0,65,0,0,0,29,0,16,0,72,0,0,0,10,0,0,5,26
37,0,0,58,0,34,33,47,0,30,0,3,0,71,0,12,20,25,23,77
55,76,0,43,0,44,14,42,66,79,35,70,45,18,0,78,11,80,38,28
54,19,17,52,57,9,41,56,50,48,32,61,40,13,7,62,24,22,21,8
51,60,59,74,39,63,46,2,53,75,64,15,36,27,69,1,31,6,4,73
0,0,0,0,0,0,0,0,0,0,0,0,0,0,0,0,0,0,0,0
0,0,0,0,0,0,0,0,0,0,0,0,0,0,0,0,0,0,0,0
0,0,0,0,0,0,0,0,0,0,0,0,0,0,0,0,0,0,0,0
0,0,0,0,0,0,0,0,0,0,0,0,0,0,0,0,0,0,0,0
0,0,0,0,0,0,0,0,0,0,0,0,0,0,0,0,0,0,0,0
0,0,0,0,0,0,0,0,0,0,0,0,0,0,0,0,0,0,0,0
0,0,0,0,0,0,0,0,0,0,0,0,0,0,0,0,0,0,0,0
0,0,0,0,0,0,0,33,0,0,0,0,0,0,0,0,0,0,0,0
0,0,0,0,0,0,0,45,0,0,0,0,0,0,0,0,0,0,0,0
0,7,0,0,29,0,0,26,0,0,0,0,0,0,0,0,68,0,0,0
0,5,0,0,16,0,0,20,0,0,0,0,0,0,0,0,67,72,76,0
0,3,0,10,13,18,0,30,0,42,49,0,0,0,65,0,58,71,77,78
11,14,0,12,17,28,25,38,23,34,44,47,35,0,37,0,70,66,79,80
8,9,0,19,21,22,24,32,40,43,41,48,50,52,55,54,56,57,61,62
1,2,4,6,15,27,31,36,39,46,51,53,59,60,63,64,69,73,74,75
0,0,0,0,0,0,0,0,0,0,0,0,0,0,0,0,0,0,0,0
0,0,0,0,0,0,0,0,0,0,0,0,0,0,0,0,0,0,0,0
0,0,0,0,0,0,0,0,0,0,0,0,0,0,0,0,0,0,0,0
0,0,0,0,0,0,0,0,0,0,0,0,0,0,0,0,0,0,0,0
0,0,0,0,0,0,0,0,0,0,0,0,0,0,0,0,0,0,0,0
0,0,0,0,0,0,0,0,0,0,0,0,0,0,0,0,0,0,0,0
0,0,0,0,0,0,0,0,0,0,0,0,0,0,0,0,0,0,0,0
0,0,0,0,0,0,0,0,0,0,0,0,0,0,0,0,0,0,0,0
0,0,0,0,0,0,0,0,0,0,0,0,0,0,0,0,0,0,0,0
0,0,0,0,0,0,0,0,0,0,0,49,0,0,0,0,0,0,67,26
68,0,0,0,0,34,0,47,0,0,0,72,0,0,0,0,0,25,5,77
37,0,0,58,0,44,33,42,0,16,0,3,45,0,0,0,20,80,23,28
55,19,17,43,57,9,14,56,66,79,32,61,40,71,0,0,11,22,21,8
51,60,59,74,39,63,46,2,50,75,64,15,36,18,7,12,24,6,4,73
41,31,70,48,13,38,1,54,78,76,69,65,52,27,35,53,10,30,29,62
0,0,0,0,0,0,0,0,0,0,0,0,0,0,0,0,0,0,0,0
0,0,0,0,0,0,0,0,0,0,0,0,0,0,0,0,0,0,0,0
0,0,0,0,0,0,0,0,0,0,0,0,0,0,0,0,0,0,0,0
0,0,0,0,0,0,0,0,0,0,0,0,0,0,0,0,0,0,0,0
0,0,0,0,0,0,0,0,0,0,0,0,0,0,0,0,0,0,0,0
0,0,0,0,0,0,0,0,0,0,0,0,0,0,0,0,0,0,0,0
0,0,0,0,0,0,0,0,0,0,0,0,0,0,0,0,0,0,0,0
0,0,0,0,0,0,0,0,0,0,0,0,0,0,0,0,0,0,0,0
0,7,0,0,0,0,0,33,0,0,0,0,0,0,0,0,0,0,0,0
0,5,0,0,0,0,0,45,0,0,0,0,0,0,0,0,0,72,0,0
0,3,0,0,16,0,0,26,0,42,0,0,0,0,0,0,68,71,77,0
0,14,0,12,17,18,0,20,23,34,49,0,0,0,37,0,67,66,79,0
11,9,0,19,21,28,25,32,40,43,44,0,50,0,55,0,58,57,61,80
8,2,4,6,15,22,24,36,39,46,51,47,59,60,63,64,56,73,74,75
1,10,13,27,29,30,31,35,38,41,48,52,53,54,62,65,69,70,76,78
