2009-04-10
0,0,0,0,0,0,0,0,0,0,0,0,0,0,0,0,0,0,0,0
0,0,0,0,0,0,0,0,0,0,0,0,0,0,0,0,0,0,0,0
0,0,0,0,0,0,0,0,0,0,0,0,0,0,0,0,0,0,0,0
0,0,0,0,0,0,0,0,0,0,0,0,0,0,0,0,0,0,0,0
0,0,0,0,0,0,0,0,0,0,0,0,0,0,0,0,0,0,0,0
0,0,0,0,0,0,0,0,0,0,0,0,0,0,0,0,0,0,0,0
0,0,0,0,0,0,0,0,0,0,0,0,0,0,0,0,0,0,0,0
0,0,0,0,0,0,0,0,0,0,0,0,0,0,0,0,0,0,0,0
0,0,0,0,57,0,0,0,0,0,0,0,0,0,0,0,0,0,0,0
0,19,0,0,39,0,0,0,0,0,0,0,0,0,0,0,0,0,0,80
0,31,0,0,79,0,0,0,0,0,32,0,0,0,61,0,11,30,23,36
37,27,33,0,9,0,0,0,50,16,46,0,52,18,20,0,38,55,21,48
51,7,63,0,62,64,0,0,43,3,26,65,53,78,13,0,69,77,22,17
70,76,58,35,47,41,0,0,44,29,40,54,2,60,6,49,74,72,8,45
75,25,24,1,66,34,12,4,73,59,10,68,42,28,67,5,14,15,71,56
0,0,0,0,0,0,0,0,0,0,0,0,0,0,0,0,0,0,0,0
0,0,0,0,0,0,0,0,0,0,0,0,0,0,0,0,0,0,0,0
0,0,0,0,0,0,0,0,0,0,0,0,0,0,0,0,0,0,0,0
0,0,0,0,0,0,0,0,0,0,0,0,0,0,0,0,0,0,0,0
0,0,0,0,0,0,0,0,0,0,0,0,0,0,0,0,0,0,0,0
0,0,0,0,0,0,0,0,0,0,0,0,0,0,0,0,0,0,0,0
0,0,0,0,0,0,0,0,0,0,0,0,0,0,0,0,0,0,0,0
0,0,0,0,0,0,0,0,0,0,0,0,0,0,0,0,0,0,0,0
0,0,0,0,0,0,0,0,0,0,0,0,0,0,0,0,0,0,0,0
0,0,0,0,0,0,0,32,23,0,0,52,0,0,0,0,0,0,0,0
0,0,0,0,0,18,0,27,39,0,51,53,0,0,0,0,0,0,0,80
11,0,0,19,16,30,31,38,36,0,46,48,50,0,0,0,70,0,64,79
3,0,7,9,21,20,33,26,35,41,43,49,54,61,37,65,63,57,77,78
2,0,6,8,13,17,22,29,40,44,45,47,58,60,55,62,72,69,74,76
1,4,5,10,12,14,15,24,25,28,34,42,56,59,66,67,68,71,73,75
0,0,0,0,0,0,0,0,0,0,0,0,0,0,0,0,0,0,0,0
0,0,0,0,0,0,0,0,0,0,0,0,0,0,0,0,0,0,0,0
0,0,0,0,0,0,0,0,0,0,0,0,0,0,0,0,0,0,0,0
0,0,0,0,0,0,0,0,0,0,0,0,0,0,0,0,0,0,0,0
0,0,0,0,0,0,0,0,0,0,0,0,0,0,0,0,0,0,0,0
0,0,0,0,0,0,0,0,0,0,0,0,0,0,0,0,0,0,0,0
0,0,0,0,0,0,0,0,0,0,0,0,0,0,0,0,0,0,0,0
0,0,0,0,0,0,0,0,0,0,0,0,0,0,0,0,0,0,0,0
0,0,0,0,0,0,0,0,0,0,0,0,0,0,0,0,0,0,0,0
0,0,0,0,0,0,0,0,0,0,0,0,0,0,61,0,0,0,23,80
0,19,33,0,57,0,0,0,50,0,0,0,0,0,20,0,11,55,21,36
51,31,63,0,39,64,0,0,43,0,46,65,0,18,13,0,38,77,22,48
70,27,58,0,47,41,0,0,44,0,26,54,53,78,6,0,69,72,8,45
75,7,24,1,66,34,12,0,73,59,10,68,42,60,67,5,14,15,71,56
37,79,35,29,25,4,9,32,17,76,16,74,28,3,62,40,2,30,52,49
0,0,0,0,0,0,0,0,0,0,0,0,0,0,0,0,0,0,0,0
0,0,0,0,0,0,0,0,0,0,0,0,0,0,0,0,0,0,0,0
0,0,0,0,0,0,0,0,0,0,0,0,0,0,0,0,0,0,0,0
0,0,0,0,0,0,0,0,0,0,0,0,0,0,0,0,0,0,0,0
0,0,0,0,0,0,0,0,0,0,0,0,0,0,0,0,0,0,0,0
0,0,0,0,0,0,0,0,0,0,0,0,0,0,0,0,0,0,0,0
0,0,0,0,0,0,0,0,0,0,0,0,0,0,0,0,0,0,0,0
0,0,0,0,0,0,0,0,0,0,0,0,0,0,0,0,0,0,0,0
0,0,0,0,0,0,0,0,0,0,0,0,0,0,0,0,0,0,0,0
0,0,0,0,0,0,0,0,0,0,51,0,0,0,0,0,0,0,0,0
0,0,0,0,0,0,31,27,0,0,46,53,50,0,0,0,70,0,0,0
0,0,7,19,21,18,33,38,23,0,43,48,54,61,0,0,63,57,64,80
11,0,6,8,13,20,22,26,39,41,45,47,58,60,55,65,72,69,77,78
1,0,5,10,12,14,15,24,36,44,34,42,56,59,66,67,68,71,73,75
2,3,4,9,16,17,25,28,29,30,32,35,37,40,49,52,62,74,76,79
