2009-05-14
0,0,0,0,0,0,0,0,0,0,0,0,0,0,0,0,0,0,0,0
0,0,0,0,0,0,0,0,0,0,0,0,0,0,0,0,0,0,0,0
0,0,0,0,0,0,0,0,0,0,0,0,0,0,0,0,0,0,0,0
0,0,0,0,0,0,0,0,0,0,0,0,0,0,0,0,0,0,0,0
0,0,0,0,0,0,0,0,0,0,0,0,0,0,0,0,0,0,0,0
0,0,0,0,0,0,0,0,0,0,0,0,0,0,0,0,0,0,0,0
0,0,0,0,0,0,0,0,0,0,0,0,0,0,0,0,0,0,0,0
0,0,0,0,0,0,0,0,0,0,0,0,0,0,0,0,0,0,0,0
6,0,0,0,0,0,0,0,0,0,0,0,0,0,0,0,0,0,0,0
71,0,0,0,0,0,0,0,0,0,0,0,0,0,0,0,79,0,0,0
21,0,0,0,54,0,0,0,38,0,0,50,0,0,0,0,8,0,0,0
30,7,63,76,52,18,61,14,51,60,58,72,69,0,42,0,78,0,0,0
59,10,29,2,35,57,27,26,40,16,12,65,77,0,1,0,43,37,55,0
20,70,47,11,28,80,9,45,15,67,22,48,25,73,68,24,33,74,17,32
36,3,31,66,4,13,34,64,41,44,56,23,75,5,53,49,62,46,39,19
0,0,0,0,0,0,0,0,0,0,0,0,0,0,0,0,0,0,0,0
0,0,0,0,0,0,0,0,0,0,0,0,0,0,0,0,0,0,0,0
0,0,0,0,0,0,0,0,0,0,0,0,0,0,0,0,0,0,0,0
0,0,0,0,0,0,0,0,0,0,0,0,0,0,0,0,0,0,0,0
0,0,0,0,0,0,0,0,0,0,0,0,0,0,0,0,0,0,0,0
0,0,0,0,0,0,0,0,0,0,0,0,0,0,0,0,0,0,0,0
0,0,0,0,0,0,0,0,0,0,0,0,0,0,0,0,0,0,0,0
0,0,0,0,0,0,0,0,0,0,0,0,0,0,0,0,0,0,0,0
0,0,0,0,0,0,0,0,0,0,0,0,0,0,0,0,0,0,0,0
0,0,0,0,0,0,0,0,0,0,38,0,0,63,0,0,0,0,79,0
0,0,0,0,0,0,14,0,42,0,51,0,0,54,0,61,0,0,60,78
6,8,0,7,18,0,26,27,30,0,35,0,0,50,52,58,71,0,69,76
10,2,21,12,16,15,29,32,37,0,55,0,0,40,65,67,70,0,72,77
1,9,11,17,20,22,24,25,28,43,33,57,59,45,47,48,68,73,74,80
3,4,5,13,19,23,31,34,36,39,41,44,46,49,53,56,62,64,66,75
0,0,0,0,0,0,0,0,0,0,0,0,0,0,0,0,0,0,0,0
0,0,0,0,0,0,0,0,0,0,0,0,0,0,0,0,0,0,0,0
0,0,0,0,0,0,0,0,0,0,0,0,0,0,0,0,0,0,0,0
0,0,0,0,0,0,0,0,0,0,0,0,0,0,0,0,0,0,0,0
0,0,0,0,0,0,0,0,0,0,0,0,0,0,0,0,0,0,0,0
0,0,0,0,0,0,0,0,0,0,0,0,0,0,0,0,0,0,0,0
0,0,0,0,0,0,0,0,0,0,0,0,0,0,0,0,0,0,0,0
0,0,0,0,0,0,0,0,0,0,0,0,0,0,0,0,0,0,0,0
0,0,0,0,0,0,0,0,0,0,0,0,0,0,0,0,0,0,0,0
6,0,0,0,54,0,0,0,0,0,0,0,0,0,0,0,0,0,0,0
71,0,0,0,52,0,61,14,38,0,58,50,69,0,0,0,0,0,0,0
59,0,0,2,35,0,27,26,40,0,12,72,77,0,42,0,78,0,55,0
20,10,63,11,28,18,9,45,15,67,22,48,25,0,1,24,33,37,17,0
36,70,31,66,4,13,34,64,41,44,56,23,75,5,68,49,62,46,39,19
29,3,57,30,74,80,53,47,43,60,8,73,21,32,79,65,16,51,7,76
0,0,0,0,0,0,0,0,0,0,0,0,0,0,0,0,0,0,0,0
0,0,0,0,0,0,0,0,0,0,0,0,0,0,0,0,0,0,0,0
0,0,0,0,0,0,0,0,0,0,0,0,0,0,0,0,0,0,0,0
0,0,0,0,0,0,0,0,0,0,0,0,0,0,0,0,0,0,0,0
0,0,0,0,0,0,0,0,0,0,0,0,0,0,0,0,0,0,0,0
0,0,0,0,0,0,0,0,0,0,0,0,0,0,0,0,0,0,0,0
0,0,0,0,0,0,0,0,0,0,0,0,0,0,0,0,0,0,0,0
0,0,0,0,0,0,0,0,0,0,0,0,0,0,0,0,0,0,0,0
0,0,0,0,0,0,0,0,0,0,0,0,0,63,0,0,0,0,0,0
0,0,0,0,0,0,0,0,0,0,38,0,0,54,0,61,0,0,0,0
0,0,0,0,0,0,14,0,42,0,35,0,0,50,0,58,71,0,0,0
6,2,0,12,18,15,26,27,37,0,55,0,0,40,0,67,70,0,69,78
10,9,11,17,20,22,24,25,28,0,33,0,59,45,0,48,68,0,72,77
1,4,5,13,19,23,31,34,36,39,41,44,46,49,52,56,62,64,66,75
3,7,8,16,21,29,30,32,43,47,51,53,57,60,65,73,74,76,79,80
