2009-07-15
0,0,0,0,0,0,0,0,0,0,0,0,0,0,0,0,0,0,0,0
0,0,0,0,0,0,0,0,0,0,0,0,0,0,0,0,0,0,0,0
0,0,0,0,0,0,0,0,0,0,0,0,0,0,0,0,0,0,0,0
0,0,0,0,0,0,0,0,0,0,0,0,0,0,0,0,0,0,0,0
0,0,0,0,0,0,0,0,0,0,0,0,0,0,0,0,0,0,0,0
0,0,0,0,0,0,0,0,0,0,0,0,0,0,0,0,0,0,0,0
0,0,0,0,0,0,0,0,0,0,0,0,0,0,0,0,0,0,0,0
0,0,0,0,0,0,0,0,0,0,0,0,0,0,0,0,0,0,0,0
0,0,0,0,0,0,0,0,0,0,0,0,79,0,0,0,0,0,0,0
0,0,0,0,0,0,0,0,0,0,0,0,26,0,0,0,0,0,0,0
0,0,0,69,13,0,0,0,0,0,0,58,72,0,0,0,0,0,0,0
54,0,24,66,53,45,77,68,15,0,64,60,30,0,56,5,0,10,0,70
34,9,8,63,4,49,44,18,80,0,25,52,51,23,57,61,50,33,55,73
29,11,14,46,42,65,75,7,71,36,41,37,62,6,3,74,17,12,1,48
43,38,78,40,31,22,27,67,59,47,2,20,39,28,76,21,32,35,19,16
0,0,0,0,0,0,0,0,0,0,0,0,0,0,0,0,0,0,0,0
0,0,0,0,0,0,0,0,0,0,0,0,0,0,0,0,0,0,0,0
0,0,0,0,0,0,0,0,0,0,0,0,0,0,0,0,0,0,0,0
0,0,0,0,0,0,0,0,0,0,0,0,0,0,0,0,0,0,0,0
0,0,0,0,0,0,0,0,0,0,0,0,0,0,0,0,0,0,0,0
0,0,0,0,0,0,0,0,0,0,0,0,0,0,0,0,0,0,0,0
0,0,0,0,0,0,0,0,0,0,0,0,0,0,0,0,0,0,0,0
0,0,0,0,0,0,0,0,0,0,0,0,0,0,0,0,0,0,69,0
0,0,0,0,0,0,0,0,0,0,0,0,0,0,0,0,0,0,77,0
0,0,0,0,0,0,0,0,0,0,0,0,0,53,0,0,0,0,68,0
0,5,0,0,0,33,0,0,36,0,0,0,0,45,64,0,0,66,70,0
4,15,10,0,18,26,25,0,34,0,0,0,0,50,54,0,0,61,63,79
1,9,17,13,23,24,30,0,42,56,0,58,0,51,55,57,60,73,74,72
8,3,6,7,11,12,14,41,29,44,37,46,49,48,52,62,65,71,75,80
2,16,19,20,21,22,27,28,31,32,35,38,39,40,43,47,59,67,76,78
0,0,0,0,0,0,0,0,0,0,0,0,0,0,0,0,0,0,0,0
0,0,0,0,0,0,0,0,0,0,0,0,0,0,0,0,0,0,0,0
0,0,0,0,0,0,0,0,0,0,0,0,0,0,0,0,0,0,0,0
0,0,0,0,0,0,0,0,0,0,0,0,0,0,0,0,0,0,0,0
0,0,0,0,0,0,0,0,0,0,0,0,0,0,0,0,0,0,0,0
0,0,0,0,0,0,0,0,0,0,0,0,0,0,0,0,0,0,0,0
0,0,0,0,0,0,0,0,0,0,0,0,0,0,0,0,0,0,0,0
0,0,0,0,0,0,0,0,0,0,0,0,0,0,0,0,0,0,0,0
0,0,0,0,0,0,0,0,0,0,0,0,0,0,0,0,0,0,0,0
0,0,0,69,0,0,0,0,0,0,0,0,0,0,0,0,0,0,0,0
0,0,0,66,13,45,77,0,0,0,0,0,79,0,0,5,0,10,0,70
0,0,0,63,53,49,44,68,80,0,64,0,51,0,0,61,0,33,55,73
54,11,24,46,4,65,75,7,71,36,25,52,62,0,56,74,50,12,1,48
34,38,14,40,31,22,27,67,59,47,2,20,39,28,76,21,32,35,19,16
17,42,9,3,15,58,57,41,72,26,6,8,43,18,29,37,23,60,30,78
0,0,0,0,0,0,0,0,0,0,0,0,0,0,0,0,0,0,0,0
0,0,0,0,0,0,0,0,0,0,0,0,0,0,0,0,0,0,0,0
0,0,0,0,0,0,0,0,0,0,0,0,0,0,0,0,0,0,0,0
0,0,0,0,0,0,0,0,0,0,0,0,0,0,0,0,0,0,0,0
0,0,0,0,0,0,0,0,0,0,0,0,0,0,0,0,0,0,0,0
0,0,0,0,0,0,0,0,0,0,0,0,0,0,0,0,0,0,0,0
0,0,0,0,0,0,0,0,0,0,0,0,0,0,0,0,0,0,69,0
0,0,0,0,0,0,0,0,0,0,0,0,0,0,0,0,0,0,77,0
0,0,0,0,0,0,0,0,0,0,0,0,0,53,0,0,0,0,68,0
0,0,0,0,0,0,0,0,0,0,0,0,0,45,0,0,0,66,70,0
0,0,0,0,0,33,0,0,0,0,0,0,0,50,64,0,0,61,63,0
4,0,0,13,0,24,25,0,36,56,0,0,0,51,54,0,0,73,74,0
1,5,10,7,11,12,14,0,34,44,0,46,49,48,55,62,65,71,75,79
2,16,19,20,21,22,27,28,31,32,35,38,39,40,52,47,59,67,76,80
3,6,8,9,15,17,18,23,26,29,30,37,41,42,43,57,58,60,72,78
