2009-09-23
0,0,0,0,0,0,0,0,0,0,0,0,0,0,0,0,0,0,0,0
0,0,0,0,0,0,0,0,0,0,0,0,0,0,0,0,0,0,0,0
0,0,0,0,0,0,0,0,0,0,0,0,0,0,0,0,0,0,0,0
0,0,0,0,0,0,0,0,0,0,0,0,0,0,0,0,0,0,0,0
0,0,0,0,0,0,0,0,0,0,0,0,0,0,0,0,0,0,0,0
0,0,0,0,0,0,0,0,0,0,0,0,0,0,0,0,0,0,0,0
0,0,0,0,0,0,0,0,0,0,0,0,0,0,0,0,0,0,0,0
0,0,0,0,0,0,0,0,0,0,0,0,0,0,0,0,0,0,0,0
0,0,0,0,0,0,0,0,0,0,0,0,0,0,0,0,0,0,0,0
0,0,41,0,0,0,0,0,0,0,0,0,0,0,0,0,0,42,32,0
0,0,69,0,0,0,0,0,73,0,68,0,77,0,0,0,0,50,1,56
0,0,35,14,0,0,0,37,59,62,49,0,52,0,10,0,20,3,28,43
0,18,45,72,76,78,29,54,26,31,61,0,57,34,51,9,79,33,25,53
60,21,55,2,47,39,71,13,22,63,15,48,6,11,36,67,65,30,58,70
19,46,75,5,66,4,17,8,27,64,7,38,44,24,16,23,40,74,12,80
0,0,0,0,0,0,0,0,0,0,0,0,0,0,0,0,0,0,0,0
0,0,0,0,0,0,0,0,0,0,0,0,0,0,0,0,0,0,0,0
0,0,0,0,0,0,0,0,0,0,0,0,0,0,0,0,0,0,0,0
0,0,0,0,0,0,0,0,0,0,0,0,0,0,0,0,0,0,0,0
0,0,0,0,0,0,0,0,0,0,0,0,0,0,0,0,0,0,0,0
0,0,0,0,0,0,0,0,0,0,0,0,0,0,0,0,0,0,0,0
0,0,0,0,0,0,0,0,0,0,0,0,0,0,0,0,0,0,0,0
0,0,0,0,0,0,0,0,0,0,0,0,0,0,0,0,0,0,0,0
0,0,0,0,0,0,0,0,0,0,0,0,0,0,0,0,0,0,0,0
0,0,0,0,20,0,0,32,0,0,0,56,0,62,0,0,0,0,0,0
0,0,0,0,14,0,0,31,0,0,0,43,51,50,0,0,0,73,76,77
1,0,0,0,9,29,0,28,52,0,42,49,36,59,0,63,0,72,60,68
3,10,0,0,26,21,0,33,34,37,41,45,53,54,57,69,0,65,78,79
2,6,11,25,13,15,18,22,30,39,35,47,48,55,58,61,0,67,70,71
4,5,7,8,12,16,17,19,23,24,27,38,40,44,46,64,66,74,75,80
0,0,0,0,0,0,0,0,0,0,0,0,0,0,0,0,0,0,0,0
0,0,0,0,0,0,0,0,0,0,0,0,0,0,0,0,0,0,0,0
0,0,0,0,0,0,0,0,0,0,0,0,0,0,0,0,0,0,0,0
0,0,0,0,0,0,0,0,0,0,0,0,0,0,0,0,0,0,0,0
0,0,0,0,0,0,0,0,0,0,0,0,0,0,0,0,0,0,0,0
0,0,0,0,0,0,0,0,0,0,0,0,0,0,0,0,0,0,0,0
0,0,0,0,0,0,0,0,0,0,0,0,0,0,0,0,0,0,0,0
0,0,0,0,0,0,0,0,0,0,0,0,0,0,0,0,0,0,0,0
0,0,0,0,0,0,0,0,0,0,0,0,0,0,0,0,0,0,32,0
0,0,41,0,0,0,0,0,0,0,0,0,0,0,0,0,0,50,1,0
0,0,69,0,0,0,0,0,73,0,0,0,0,0,10,0,0,3,28,56
0,0,35,0,76,78,0,54,59,62,68,0,0,34,51,0,0,33,25,43
0,18,45,14,47,39,29,13,26,31,15,0,52,11,36,67,20,30,58,70
60,46,75,2,66,4,17,8,22,64,7,48,57,24,16,23,40,74,12,80
9,79,53,37,27,55,44,72,6,42,19,77,65,21,71,63,49,38,5,61
0,0,0,0,0,0,0,0,0,0,0,0,0,0,0,0,0,0,0,0
0,0,0,0,0,0,0,0,0,0,0,0,0,0,0,0,0,0,0,0
0,0,0,0,0,0,0,0,0,0,0,0,0,0,0,0,0,0,0,0
0,0,0,0,0,0,0,0,0,0,0,0,0,0,0,0,0,0,0,0
0,0,0,0,0,0,0,0,0,0,0,0,0,0,0,0,0,0,0,0
0,0,0,0,0,0,0,0,0,0,0,0,0,0,0,0,0,0,0,0
0,0,0,0,0,0,0,0,0,0,0,0,0,0,0,0,0,0,0,0
0,0,0,0,0,0,0,0,0,0,0,0,0,0,0,0,0,0,0,0
0,0,0,0,0,0,0,0,0,0,0,0,0,0,0,0,0,0,0,0
0,0,0,0,20,0,0,32,0,0,0,0,0,0,0,0,0,0,76,0
1,0,0,0,14,0,0,31,52,0,0,56,51,62,0,0,0,0,60,0
3,0,0,0,26,29,0,28,34,0,0,43,36,50,57,0,0,73,78,0
2,0,11,25,13,15,18,33,30,39,41,45,48,59,58,69,0,67,70,68
4,10,7,8,12,16,17,22,23,24,35,47,40,54,46,64,66,74,75,80
5,6,9,19,21,27,37,38,42,44,49,53,55,61,63,65,71,72,77,79
