2009-12-18
0,0,0,0,0,0,0,0,0,0,0,0,0,0,0,0,0,0,0,0
0,0,0,0,0,0,0,0,0,0,0,0,0,0,0,0,0,0,0,0
0,0,0,0,0,0,0,0,0,0,0,0,0,0,0,0,0,0,0,0
0,0,0,0,0,0,0,0,0,0,0,0,0,0,0,0,0,0,0,0
0,0,0,0,0,0,0,0,0,0,0,0,0,0,0,0,0,0,0,0
0,0,0,0,0,0,0,0,0,0,0,0,0,0,0,0,0,0,0,0
0,0,0,0,0,0,0,0,0,0,0,0,0,0,0,0,0,0,0,0
0,0,0,0,0,0,0,0,0,0,0,0,0,0,0,0,0,0,0,0
0,0,0,0,0,0,0,0,39,0,0,0,0,0,0,0,0,0,0,0
0,0,0,0,0,0,0,0,6,0,0,0,0,0,0,0,0,0,0,0
37,0,2,0,0,0,0,0,44,0,0,0,0,0,0,0,29,8,0,0
70,27,75,73,0,0,0,0,64,51,14,0,49,3,12,54,34,24,79,0
60,68,55,74,63,11,0,30,50,7,77,20,13,67,53,80,41,45,17,56
32,5,4,16,15,48,57,58,47,65,28,23,52,76,38,18,61,22,69,59
10,40,62,35,21,26,19,46,71,43,33,31,1,78,66,25,9,72,42,36
0,0,0,0,0,0,0,0,0,0,0,0,0,0,0,0,0,0,0,0
0,0,0,0,0,0,0,0,0,0,0,0,0,0,0,0,0,0,0,0
0,0,0,0,0,0,0,0,0,0,0,0,0,0,0,0,0,0,0,0
0,0,0,0,0,0,0,0,0,0,0,0,0,0,0,0,0,0,0,0
0,0,0,0,0,0,0,0,0,0,0,0,0,0,0,0,0,0,0,0
0,0,0,0,0,0,0,0,0,0,0,0,0,0,0,0,0,0,0,0
0,0,0,0,0,0,0,0,0,0,0,0,0,0,0,0,0,0,0,0
0,0,0,0,0,0,0,0,0,0,0,0,0,0,0,0,0,0,0,0
0,0,0,0,0,0,0,0,0,0,0,0,0,0,0,0,0,0,0,0
0,0,0,20,0,0,0,0,0,0,0,0,0,0,0,63,0,0,0,0
2,0,0,11,0,0,0,0,0,0,0,0,49,0,0,67,0,0,0,0
3,12,17,13,0,27,44,0,0,0,39,0,54,56,64,74,75,73,77,79
6,8,5,7,15,18,24,29,0,34,53,51,41,45,50,55,68,70,60,80
4,14,16,22,23,28,32,30,37,38,47,48,52,57,59,61,65,58,76,69
1,9,10,19,21,25,26,31,33,35,36,40,42,43,46,62,66,71,72,78
0,0,0,0,0,0,0,0,0,0,0,0,0,0,0,0,0,0,0,0
0,0,0,0,0,0,0,0,0,0,0,0,0,0,0,0,0,0,0,0
0,0,0,0,0,0,0,0,0,0,0,0,0,0,0,0,0,0,0,0
0,0,0,0,0,0,0,0,0,0,0,0,0,0,0,0,0,0,0,0
0,0,0,0,0,0,0,0,0,0,0,0,0,0,0,0,0,0,0,0
0,0,0,0,0,0,0,0,0,0,0,0,0,0,0,0,0,0,0,0
0,0,0,0,0,0,0,0,0,0,0,0,0,0,0,0,0,0,0,0
0,0,0,0,0,0,0,0,0,0,0,0,0,0,0,0,0,0,0,0
0,0,0,0,0,0,0,0,39,0,0,0,0,0,0,0,0,0,0,0
37,0,0,0,0,0,0,0,44,0,0,0,0,0,0,0,0,0,0,0
70,27,0,73,0,0,0,0,64,51,0,0,0,3,0,0,0,24,0,0
60,68,0,74,0,0,0,0,50,7,14,0,49,67,53,54,41,45,79,0
32,5,75,16,15,0,0,0,47,65,77,20,13,76,38,80,61,22,17,59
10,40,4,35,21,26,19,30,71,43,33,23,52,78,66,18,9,72,42,36
25,28,29,48,56,11,1,69,46,55,62,8,34,31,6,63,2,58,12,57
0,0,0,0,0,0,0,0,0,0,0,0,0,0,0,0,0,0,0,0
0,0,0,0,0,0,0,0,0,0,0,0,0,0,0,0,0,0,0,0
0,0,0,0,0,0,0,0,0,0,0,0,0,0,0,0,0,0,0,0
0,0,0,0,0,0,0,0,0,0,0,0,0,0,0,0,0,0,0,0
0,0,0,0,0,0,0,0,0,0,0,0,0,0,0,0,0,0,0,0
0,0,0,0,0,0,0,0,0,0,0,0,0,0,0,0,0,0,0,0
0,0,0,0,0,0,0,0,0,0,0,0,0,0,0,0,0,0,0,0
0,0,0,0,0,0,0,0,0,0,0,0,0,0,0,0,0,0,0,0
0,0,0,0,0,0,0,0,0,0,0,0,0,0,0,0,0,0,0,0
0,0,0,20,0,0,0,0,0,0,0,0,49,0,0,0,0,0,0,0
0,0,17,13,0,0,44,0,0,0,39,0,54,0,0,0,75,0,77,0
0,0,5,7,15,0,24,0,0,0,53,0,41,0,64,67,68,73,60,79
3,14,16,22,23,27,32,0,37,38,47,51,52,45,50,74,65,70,76,80
4,9,10,19,21,18,26,30,33,35,36,40,42,43,59,61,66,71,72,78
1,2,6,8,11,12,25,28,29,31,34,46,48,55,56,57,58,62,63,69
