2010-04-29
0,0,0,0,0,0,0,0,0,0,0,0,0,0,0,0,0,0,0,0
0,0,0,0,0,0,0,0,0,0,0,0,0,0,0,0,0,0,0,0
0,0,0,0,0,0,0,0,0,0,0,0,0,0,0,0,0,0,0,0
0,0,0,0,0,0,0,0,0,0,0,0,0,0,0,0,0,0,0,0
0,0,0,0,0,0,0,0,0,0,0,0,0,0,0,0,0,0,0,0
0,0,0,0,0,0,0,0,0,0,0,0,0,0,0,0,0,0,0,0
0,0,0,0,0,0,0,0,0,0,0,0,0,0,0,0,0,0,0,0
0,0,0,0,0,0,0,0,0,0,0,0,0,0,0,0,0,0,0,0
0,0,0,0,0,0,0,0,0,0,0,0,0,0,0,0,0,0,0,0
0,0,60,0,0,0,0,0,0,0,0,0,0,0,0,0,0,36,0,0
0,0,32,0,79,40,18,66,0,0,0,0,0,0,0,0,49,6,0,0
0,70,22,0,5,68,31,4,80,63,0,10,64,0,0,21,2,37,0,75
0,11,61,39,76,62,74,26,15,56,67,12,50,0,53,1,51,42,0,20
72,7,27,54,48,14,19,55,16,3,44,52,29,57,34,45,73,17,77,28
43,47,65,33,69,25,8,78,38,41,30,13,9,23,35,46,59,58,71,24
0,0,0,0,0,0,0,0,0,0,0,0,0,0,0,0,0,0,0,0
0,0,0,0,0,0,0,0,0,0,0,0,0,0,0,0,0,0,0,0
0,0,0,0,0,0,0,0,0,0,0,0,0,0,0,0,0,0,0,0
0,0,0,0,0,0,0,0,0,0,0,0,0,0,0,0,0,0,0,0
0,0,0,0,0,0,0,0,0,0,0,0,0,0,0,0,0,0,0,0
0,0,0,0,0,0,0,0,0,0,0,0,0,0,0,0,0,0,0,0
0,0,0,0,0,0,0,0,0,0,0,0,0,0,0,0,0,0,0,0
0,0,0,0,0,0,0,0,0,0,0,0,0,0,0,0,0,0,0,0
0,0,0,0,0,0,0,0,0,0,0,0,0,0,67,0,0,0,0,0
0,0,0,0,0,0,0,0,0,0,0,0,0,0,57,0,75,0,0,0
4,6,0,0,0,36,0,0,40,0,0,49,0,0,53,0,64,0,77,0
2,5,0,0,0,18,32,0,26,31,0,50,0,0,61,63,66,0,70,79
1,12,10,15,21,22,20,0,27,39,0,37,44,60,51,56,68,72,74,80
3,7,11,14,16,17,19,34,28,29,0,42,45,48,52,54,55,62,73,76
8,9,13,23,24,25,30,33,35,38,41,43,46,47,58,59,65,69,71,78
0,0,0,0,0,0,0,0,0,0,0,0,0,0,0,0,0,0,0,0
0,0,0,0,0,0,0,0,0,0,0,0,0,0,0,0,0,0,0,0
0,0,0,0,0,0,0,0,0,0,0,0,0,0,0,0,0,0,0,0
0,0,0,0,0,0,0,0,0,0,0,0,0,0,0,0,0,0,0,0
0,0,0,0,0,0,0,0,0,0,0,0,0,0,0,0,0,0,0,0
0,0,0,0,0,0,0,0,0,0,0,0,0,0,0,0,0,0,0,0
0,0,0,0,0,0,0,0,0,0,0,0,0,0,0,0,0,0,0,0
0,0,0,0,0,0,0,0,0,0,0,0,0,0,0,0,0,0,0,0
0,0,60,0,0,0,0,0,0,0,0,0,0,0,0,0,0,0,0,0
0,0,32,0,0,0,0,66,0,0,0,0,0,0,0,0,49,36,0,0
0,70,22,0,0,0,0,4,0,0,0,0,0,0,0,21,2,6,0,0
0,11,61,0,5,40,31,26,80,63,0,12,0,0,53,1,51,37,0,0
72,7,27,0,48,68,19,55,15,56,0,52,50,0,34,45,73,42,0,28
43,47,65,39,69,62,8,78,38,41,44,13,29,23,35,46,59,58,77,24
30,3,75,17,74,16,57,10,33,67,54,79,9,64,25,20,14,18,76,71
0,0,0,0,0,0,0,0,0,0,0,0,0,0,0,0,0,0,0,0
0,0,0,0,0,0,0,0,0,0,0,0,0,0,0,0,0,0,0,0
0,0,0,0,0,0,0,0,0,0,0,0,0,0,0,0,0,0,0,0
0,0,0,0,0,0,0,0,0,0,0,0,0,0,0,0,0,0,0,0
0,0,0,0,0,0,0,0,0,0,0,0,0,0,0,0,0,0,0,0
0,0,0,0,0,0,0,0,0,0,0,0,0,0,0,0,0,0,0,0
0,0,0,0,0,0,0,0,0,0,0,0,0,0,0,0,0,0,0,0
0,0,0,0,0,0,0,0,0,0,0,0,0,0,0,0,0,0,0,0
0,0,0,0,0,0,0,0,0,0,0,0,0,0,0,0,0,0,0,0
0,0,0,0,0,0,0,0,40,0,0,49,0,0,53,0,0,0,0,0
4,6,0,0,0,0,0,0,26,31,0,50,0,0,61,0,66,0,0,0
2,5,0,0,0,0,0,0,27,39,0,37,44,60,51,63,68,72,77,0
1,12,11,15,21,36,32,0,28,29,0,42,45,48,52,56,55,62,70,80
8,7,13,23,24,22,19,34,35,38,41,43,46,47,58,59,65,69,73,78
3,9,10,14,16,17,18,20,25,30,33,54,57,64,67,71,74,75,76,79
