2010-05-20
0,0,0,0,0,0,0,0,0,0,0,0,0,0,0,0,0,0,0,0
0,0,0,0,0,0,0,0,0,0,0,0,0,0,0,0,0,0,0,0
0,0,0,0,0,0,0,0,0,0,0,0,0,0,0,0,0,0,0,0
0,0,0,0,0,0,0,0,0,0,0,0,0,0,0,0,0,0,0,0
0,0,0,0,0,0,0,0,0,0,0,0,0,0,0,0,0,0,0,0
0,0,0,0,0,0,0,0,0,0,0,0,0,0,0,0,0,0,0,0
0,0,0,0,0,0,0,0,0,0,0,0,0,0,0,0,0,0,0,0
0,0,0,0,0,0,0,0,0,0,0,0,0,0,0,0,0,0,0,0
0,0,0,0,0,0,0,0,0,0,0,0,0,0,0,0,0,0,0,0
65,0,0,0,63,0,0,0,0,0,0,0,0,0,0,0,0,0,0,0
17,0,0,0,47,0,0,0,0,0,0,8,0,0,0,79,0,0,71,61
56,80,27,43,78,0,0,74,0,0,0,51,0,14,35,10,54,50,11,39
73,52,49,29,25,59,0,21,72,6,0,66,15,3,28,7,38,58,2,67
55,40,45,69,46,9,5,42,76,32,31,75,41,33,26,48,77,44,19,62
18,23,64,70,24,34,53,16,1,22,57,37,13,30,20,60,4,36,12,68
0,0,0,0,0,0,0,0,0,0,0,0,0,0,0,0,0,0,0,0
0,0,0,0,0,0,0,0,0,0,0,0,0,0,0,0,0,0,0,0
0,0,0,0,0,0,0,0,0,0,0,0,0,0,0,0,0,0,0,0
0,0,0,0,0,0,0,0,0,0,0,0,0,0,0,0,0,0,0,0
0,0,0,0,0,0,0,0,0,0,0,0,0,0,0,0,0,0,0,0
0,0,0,0,0,0,0,0,0,0,0,0,0,0,0,0,0,0,0,0
0,0,0,0,0,0,0,0,0,0,0,0,0,0,0,0,0,0,0,0
0,0,0,0,0,0,0,0,0,0,0,0,0,0,0,0,0,0,0,0
0,0,0,0,0,0,0,0,0,0,0,0,0,0,0,0,0,0,0,0
0,0,0,14,0,0,0,0,0,0,0,0,0,0,0,0,0,74,0,0
0,5,0,17,0,8,0,0,0,0,47,0,56,0,0,0,0,71,72,79
0,3,0,10,0,21,0,28,0,43,50,0,35,59,49,0,54,61,73,80
0,7,11,15,0,25,26,29,27,38,39,31,51,48,65,63,58,66,67,78
2,6,9,19,0,32,33,40,41,42,44,45,46,62,52,55,69,75,76,77
1,4,12,13,16,18,20,22,23,24,30,34,36,37,53,57,60,64,68,70
0,0,0,0,0,0,0,0,0,0,0,0,0,0,0,0,0,0,0,0
0,0,0,0,0,0,0,0,0,0,0,0,0,0,0,0,0,0,0,0
0,0,0,0,0,0,0,0,0,0,0,0,0,0,0,0,0,0,0,0
0,0,0,0,0,0,0,0,0,0,0,0,0,0,0,0,0,0,0,0
0,0,0,0,0,0,0,0,0,0,0,0,0,0,0,0,0,0,0,0
0,0,0,0,0,0,0,0,0,0,0,0,0,0,0,0,0,0,0,0
0,0,0,0,0,0,0,0,0,0,0,0,0,0,0,0,0,0,0,0
0,0,0,0,0,0,0,0,0,0,0,0,0,0,0,0,0,0,0,0
0,0,0,0,63,0,0,0,0,0,0,0,0,0,0,0,0,0,0,0
65,0,0,0,47,0,0,0,0,0,0,0,0,0,0,0,0,0,0,0
56,0,27,0,78,0,0,0,0,0,0,8,0,0,0,79,54,0,0,0
73,52,49,0,25,59,0,0,0,0,0,51,0,14,35,10,38,50,2,61
55,40,45,43,46,9,0,21,72,6,0,66,15,3,26,7,77,58,19,67
18,23,64,70,24,34,53,16,76,32,31,75,41,33,20,60,4,44,12,62
17,74,71,13,22,11,57,37,69,29,68,5,36,30,1,42,28,48,39,80
0,0,0,0,0,0,0,0,0,0,0,0,0,0,0,0,0,0,0,0
0,0,0,0,0,0,0,0,0,0,0,0,0,0,0,0,0,0,0,0
0,0,0,0,0,0,0,0,0,0,0,0,0,0,0,0,0,0,0,0
0,0,0,0,0,0,0,0,0,0,0,0,0,0,0,0,0,0,0,0
0,0,0,0,0,0,0,0,0,0,0,0,0,0,0,0,0,0,0,0
0,0,0,0,0,0,0,0,0,0,0,0,0,0,0,0,0,0,0,0
0,0,0,0,0,0,0,0,0,0,0,0,0,0,0,0,0,0,0,0
0,0,0,0,0,0,0,0,0,0,0,0,0,0,0,0,0,0,0,0
0,0,0,0,0,0,0,0,0,0,0,0,0,0,0,0,0,0,0,0
0,0,0,0,0,8,0,0,0,0,0,0,0,0,0,0,0,0,0,0
0,3,0,14,0,21,0,0,0,0,0,0,56,0,49,0,0,61,72,79
0,7,0,10,0,25,26,0,27,43,47,31,35,0,65,0,54,66,73,78
0,6,9,15,0,32,33,0,41,38,50,45,51,59,52,63,58,75,67,77
2,4,12,19,16,18,20,40,23,24,44,34,46,62,53,55,60,64,76,70
1,5,11,13,17,22,28,29,30,36,37,39,42,48,57,68,69,71,74,80
