2010-06-24
0,0,0,0,0,0,0,0,0,0,0,0,0,0,0,0,0,0,0,0
0,0,0,0,0,0,0,0,0,0,0,0,0,0,0,0,0,0,0,0
0,0,0,0,0,0,0,0,0,0,0,0,0,0,0,0,0,0,0,0
0,0,0,0,0,0,0,0,0,0,0,0,0,0,0,0,0,0,0,0
0,0,0,0,0,0,0,0,0,0,0,0,0,0,0,0,0,0,0,0
0,0,0,0,0,0,0,0,0,0,0,0,0,0,0,0,0,0,0,0
0,0,0,0,0,0,0,0,0,0,0,0,0,0,0,0,0,0,0,0
0,0,0,0,0,0,0,0,0,0,0,0,0,0,0,0,0,0,0,0
0,0,0,0,0,0,0,0,0,0,0,0,0,0,0,0,0,0,0,0
0,0,0,0,0,43,0,0,0,0,0,33,0,0,0,0,0,66,0,0
0,0,0,0,24,44,0,0,0,0,0,31,60,0,52,0,0,47,0,0
0,70,0,0,30,27,54,73,42,0,75,76,20,9,49,65,0,55,0,78
41,61,0,0,59,1,10,51,48,46,21,15,35,8,14,50,0,72,25,26
12,17,64,74,40,22,19,5,80,62,16,18,68,36,37,28,45,56,79,29
53,23,38,57,7,11,71,67,32,58,13,6,4,77,2,39,3,69,63,34
0,0,0,0,0,0,0,0,0,0,0,0,0,0,0,0,0,0,0,0
0,0,0,0,0,0,0,0,0,0,0,0,0,0,0,0,0,0,0,0
0,0,0,0,0,0,0,0,0,0,0,0,0,0,0,0,0,0,0,0
0,0,0,0,0,0,0,0,0,0,0,0,0,0,0,0,0,0,0,0
0,0,0,0,0,0,0,0,0,0,0,0,0,0,0,0,0,0,0,0
0,0,0,0,0,0,0,0,0,0,0,0,0,0,0,0,0,0,0,0
0,0,0,0,0,0,0,0,0,0,0,0,0,0,0,0,0,0,0,0
0,0,0,0,0,0,0,0,0,0,0,0,0,0,0,0,0,0,0,0
0,0,0,0,0,0,0,0,0,0,0,0,0,0,0,0,0,0,0,0
0,0,0,0,0,0,0,0,33,0,0,60,0,0,0,66,0,0,0,0
0,0,0,0,0,31,0,0,27,0,0,42,44,0,46,47,0,0,0,75
0,0,0,9,0,29,43,26,41,52,0,50,55,64,70,61,0,78,54,73
0,0,10,15,24,18,30,21,25,45,49,48,51,65,59,62,0,76,72,74
1,8,5,14,20,12,16,17,19,22,35,28,36,37,40,56,0,68,79,80
2,3,4,6,7,11,13,23,32,34,38,39,53,57,58,63,67,69,71,77
0,0,0,0,0,0,0,0,0,0,0,0,0,0,0,0,0,0,0,0
0,0,0,0,0,0,0,0,0,0,0,0,0,0,0,0,0,0,0,0
0,0,0,0,0,0,0,0,0,0,0,0,0,0,0,0,0,0,0,0
0,0,0,0,0,0,0,0,0,0,0,0,0,0,0,0,0,0,0,0
0,0,0,0,0,0,0,0,0,0,0,0,0,0,0,0,0,0,0,0
0,0,0,0,0,0,0,0,0,0,0,0,0,0,0,0,0,0,0,0
0,0,0,0,0,0,0,0,0,0,0,0,0,0,0,0,0,0,0,0
0,0,0,0,0,0,0,0,0,0,0,0,0,0,0,0,0,0,0,0
0,0,0,0,0,0,0,0,0,0,0,33,0,0,0,0,0,0,0,0
0,0,0,0,0,44,0,0,0,0,0,31,0,0,0,0,0,0,0,0
0,0,0,0,24,27,0,0,0,0,0,76,0,0,52,65,0,47,0,78
0,70,0,0,30,1,54,0,0,46,21,15,60,0,49,50,0,55,25,26
41,61,0,74,59,22,19,73,48,62,16,18,35,0,14,28,0,72,79,29
53,23,64,57,7,11,71,67,32,58,13,6,68,77,37,39,3,56,63,34
4,75,42,45,66,12,69,5,8,51,10,17,38,36,9,40,2,80,43,20
0,0,0,0,0,0,0,0,0,0,0,0,0,0,0,0,0,0,0,0
0,0,0,0,0,0,0,0,0,0,0,0,0,0,0,0,0,0,0,0
0,0,0,0,0,0,0,0,0,0,0,0,0,0,0,0,0,0,0,0
0,0,0,0,0,0,0,0,0,0,0,0,0,0,0,0,0,0,0,0
0,0,0,0,0,0,0,0,0,0,0,0,0,0,0,0,0,0,0,0
0,0,0,0,0,0,0,0,0,0,0,0,0,0,0,0,0,0,0,0
0,0,0,0,0,0,0,0,0,0,0,0,0,0,0,0,0,0,0,0
0,0,0,0,0,0,0,0,0,0,0,0,0,0,0,0,0,0,0,0
0,0,0,0,0,0,0,0,33,0,0,0,0,0,0,0,0,0,0,0
0,0,0,0,0,0,0,0,27,0,0,60,0,0,0,47,0,0,0,0
0,0,0,0,0,31,0,0,41,0,0,50,0,64,46,61,0,0,54,0
0,0,0,15,0,29,30,26,25,52,0,48,44,65,70,62,0,78,72,73
0,0,0,14,24,18,16,21,19,22,49,28,55,37,59,56,0,76,79,74
1,3,0,6,7,11,13,23,32,34,35,39,53,57,58,63,67,68,71,77
2,4,5,8,9,10,12,17,20,36,38,40,42,43,45,51,66,69,75,80
