2010-08-18
0,0,0,0,0,0,0,0,0,0,0,0,0,0,0,0,0,0,0,0
0,0,0,0,0,0,0,0,0,0,0,0,0,0,0,0,0,0,0,0
0,0,0,0,0,0,0,0,0,0,0,0,0,0,0,0,0,0,0,0
0,0,0,0,0,0,0,0,0,0,0,0,0,0,0,0,0,0,0,0
0,0,0,0,0,0,0,0,0,0,0,0,0,0,0,0,0,0,0,0
0,0,0,0,0,0,0,0,0,0,0,0,0,0,0,0,0,0,0,0
0,0,0,0,0,0,0,0,0,0,0,0,0,0,0,0,0,0,0,0
0,0,0,0,0,0,0,0,0,0,0,0,0,0,0,0,0,0,0,0
0,0,0,46,0,0,0,0,0,0,0,0,0,0,0,0,0,0,0,0
0,0,72,41,0,0,0,0,0,0,37,0,0,0,0,0,0,0,0,12
0,0,68,64,0,0,0,0,0,0,7,24,0,0,32,14,0,0,0,55
0,59,9,20,0,26,0,1,38,0,28,48,0,0,56,71,0,0,0,67
62,33,63,27,6,47,0,60,79,35,5,13,0,50,18,52,34,4,0,39
53,8,21,51,54,69,16,80,23,44,2,78,22,49,30,40,61,43,70,45
36,11,19,25,77,31,74,3,29,75,57,65,73,66,10,42,17,15,58,76
0,0,0,0,0,0,0,0,0,0,0,0,0,0,0,0,0,0,0,0
0,0,0,0,0,0,0,0,0,0,0,0,0,0,0,0,0,0,0,0
0,0,0,0,0,0,0,0,0,0,0,0,0,0,0,0,0,0,0,0
0,0,0,0,0,0,0,0,0,0,0,0,0,0,0,0,0,0,0,0
0,0,0,0,0,0,0,0,0,0,0,0,0,0,0,0,0,0,0,0
0,0,0,0,0,0,0,0,0,0,0,0,0,0,0,0,0,0,0,0
0,0,0,0,0,0,0,0,0,0,0,0,0,0,0,0,0,0,0,0
0,0,0,0,0,0,0,0,0,0,0,0,0,0,0,0,0,0,0,0
0,0,0,0,0,0,0,0,0,0,0,0,0,0,0,0,0,0,0,0
0,0,7,0,0,0,32,0,0,0,0,0,46,0,0,0,0,0,0,0
0,0,6,0,0,0,28,0,38,0,0,54,55,37,0,0,68,0,0,0
0,4,14,0,24,12,20,0,26,34,50,43,56,59,0,64,67,0,0,0
1,5,9,0,16,18,27,35,39,33,49,52,53,48,41,62,71,0,72,79
2,8,13,0,21,22,23,30,40,47,44,45,51,69,60,61,63,70,78,80
3,10,11,15,17,19,25,29,31,36,42,57,58,65,66,73,74,75,76,77
0,0,0,0,0,0,0,0,0,0,0,0,0,0,0,0,0,0,0,0
0,0,0,0,0,0,0,0,0,0,0,0,0,0,0,0,0,0,0,0
0,0,0,0,0,0,0,0,0,0,0,0,0,0,0,0,0,0,0,0
0,0,0,0,0,0,0,0,0,0,0,0,0,0,0,0,0,0,0,0
0,0,0,0,0,0,0,0,0,0,0,0,0,0,0,0,0,0,0,0
0,0,0,0,0,0,0,0,0,0,0,0,0,0,0,0,0,0,0,0
0,0,0,0,0,0,0,0,0,0,0,0,0,0,0,0,0,0,0,0
0,0,0,0,0,0,0,0,0,0,0,0,0,0,0,0,0,0,0,0
0,0,0,0,0,0,0,0,0,0,0,0,0,0,0,0,0,0,0,0
0,0,72,46,0,0,0,0,0,0,0,0,0,0,0,0,0,0,0,0
0,59,68,41,0,26,0,0,0,0,37,24,0,0,32,0,0,0,0,0
62,33,9,64,6,47,0,1,38,35,28,13,0,0,18,14,0,0,0,55
53,8,21,20,54,69,0,80,79,44,5,78,0,50,30,52,34,4,0,39
36,11,19,51,77,31,16,3,23,75,57,65,73,66,10,40,17,43,58,45
60,74,22,42,27,61,49,63,56,2,7,71,76,29,15,70,67,12,25,48
0,0,0,0,0,0,0,0,0,0,0,0,0,0,0,0,0,0,0,0
0,0,0,0,0,0,0,0,0,0,0,0,0,0,0,0,0,0,0,0
0,0,0,0,0,0,0,0,0,0,0,0,0,0,0,0,0,0,0,0
0,0,0,0,0,0,0,0,0,0,0,0,0,0,0,0,0,0,0,0
0,0,0,0,0,0,0,0,0,0,0,0,0,0,0,0,0,0,0,0
0,0,0,0,0,0,0,0,0,0,0,0,0,0,0,0,0,0,0,0
0,0,0,0,0,0,0,0,0,0,0,0,0,0,0,0,0,0,0,0
0,0,0,0,0,0,0,0,0,0,0,0,0,0,0,0,0,0,0,0
0,0,0,0,0,0,0,0,0,0,0,0,0,0,0,0,0,0,0,0
0,0,6,0,0,0,0,0,38,0,0,54,46,0,0,0,0,0,0,0
0,4,14,0,24,0,32,0,26,34,0,43,55,37,0,0,0,0,0,0
0,5,9,0,16,0,28,0,39,33,0,52,53,59,0,64,0,0,0,79
1,8,13,0,21,18,20,35,40,47,50,45,51,69,41,62,0,0,72,80
3,10,11,0,17,19,23,30,31,36,44,57,58,65,66,73,68,75,78,77
2,7,12,15,22,25,27,29,42,48,49,56,60,61,63,67,70,71,74,76
