2010-08-30
0,0,0,0,0,0,0,0,0,0,0,0,0,0,0,0,0,0,0,0
0,0,0,0,0,0,0,0,0,0,0,0,0,0,0,0,0,0,0,0
0,0,0,0,0,0,0,0,0,0,0,0,0,0,0,0,0,0,0,0
0,0,0,0,0,0,0,0,0,0,0,0,0,0,0,0,0,0,0,0
0,0,0,0,0,0,0,0,0,0,0,0,0,0,0,0,0,0,0,0
0,0,0,0,0,0,0,0,0,0,0,0,0,0,0,0,0,0,0,0
0,0,0,0,0,0,0,0,0,0,0,0,0,0,0,0,0,0,0,0
0,0,0,0,0,0,0,0,0,0,0,0,0,0,0,0,0,0,0,0
0,0,0,0,0,0,0,0,0,0,0,0,0,0,0,0,0,0,0,0
0,0,68,0,0,11,0,0,0,0,0,0,0,0,0,0,0,27,0,0
0,0,15,0,0,60,23,0,0,0,0,0,0,38,0,1,0,12,47,0
0,78,33,75,0,70,2,14,0,0,35,0,71,49,0,16,0,7,77,0
31,54,52,59,0,40,42,57,46,17,13,64,79,74,0,55,73,50,19,28
39,18,29,56,67,53,62,66,9,21,6,51,20,4,8,26,37,63,43,32
69,76,22,48,30,41,36,10,61,58,5,3,45,65,72,34,44,24,80,25
0,0,0,0,0,0,0,0,0,0,0,0,0,0,0,0,0,0,0,0
0,0,0,0,0,0,0,0,0,0,0,0,0,0,0,0,0,0,0,0
0,0,0,0,0,0,0,0,0,0,0,0,0,0,0,0,0,0,0,0
0,0,0,0,0,0,0,0,0,0,0,0,0,0,0,0,0,0,0,0
0,0,0,0,0,0,0,0,0,0,0,0,0,0,0,0,0,0,0,0
0,0,0,0,0,0,0,0,0,0,0,0,0,0,0,0,0,0,0,0
0,0,0,0,0,0,0,0,0,0,0,0,0,0,0,0,0,0,0,0
0,0,0,0,0,0,0,0,0,0,0,0,0,0,0,0,0,0,0,0
0,0,12,0,0,0,31,0,0,0,0,0,0,0,0,0,0,0,0,0
0,0,7,0,0,0,35,0,0,0,0,0,0,0,0,0,0,0,0,0
1,0,8,0,0,0,23,0,0,47,0,0,0,0,0,0,0,0,0,0
2,0,14,0,17,0,33,0,0,27,0,38,55,0,59,64,68,71,67,0
6,13,19,16,15,11,39,40,42,49,46,52,51,54,57,60,70,73,77,75
4,9,18,20,21,28,26,29,37,32,43,50,53,56,62,63,66,74,79,78
3,5,10,22,24,25,30,34,36,41,44,45,48,58,61,65,69,72,76,80
0,0,0,0,0,0,0,0,0,0,0,0,0,0,0,0,0,0,0,0
0,0,0,0,0,0,0,0,0,0,0,0,0,0,0,0,0,0,0,0
0,0,0,0,0,0,0,0,0,0,0,0,0,0,0,0,0,0,0,0
0,0,0,0,0,0,0,0,0,0,0,0,0,0,0,0,0,0,0,0
0,0,0,0,0,0,0,0,0,0,0,0,0,0,0,0,0,0,0,0
0,0,0,0,0,0,0,0,0,0,0,0,0,0,0,0,0,0,0,0
0,0,0,0,0,0,0,0,0,0,0,0,0,0,0,0,0,0,0,0
0,0,0,0,0,0,0,0,0,0,0,0,0,0,0,0,0,0,0,0
0,0,0,0,0,0,0,0,0,0,0,0,0,0,0,0,0,0,0,0
0,0,0,0,0,11,0,0,0,0,0,0,0,0,0,0,0,27,0,0
0,78,15,0,0,60,0,0,0,0,0,0,71,38,0,1,0,12,0,0
0,54,33,59,0,70,42,14,0,17,35,64,79,49,0,16,0,7,77,28
31,18,29,56,0,40,62,57,0,21,13,51,20,74,0,55,0,50,19,32
39,76,22,48,30,53,36,10,61,58,6,3,45,4,8,26,44,63,80,25
68,72,65,24,23,37,2,52,73,41,47,46,43,34,9,67,75,66,5,69
0,0,0,0,0,0,0,0,0,0,0,0,0,0,0,0,0,0,0,0
0,0,0,0,0,0,0,0,0,0,0,0,0,0,0,0,0,0,0,0
0,0,0,0,0,0,0,0,0,0,0,0,0,0,0,0,0,0,0,0
0,0,0,0,0,0,0,0,0,0,0,0,0,0,0,0,0,0,0,0
0,0,0,0,0,0,0,0,0,0,0,0,0,0,0,0,0,0,0,0
0,0,0,0,0,0,0,0,0,0,0,0,0,0,0,0,0,0,0,0
0,0,0,0,0,0,0,0,0,0,0,0,0,0,0,0,0,0,0,0
0,0,12,0,0,0,0,0,0,0,0,0,0,0,0,0,0,0,0,0
0,0,7,0,0,0,31,0,0,0,0,0,0,0,0,0,0,0,0,0
0,0,8,0,0,0,35,0,0,0,0,0,0,0,0,0,0,0,0,0
1,0,14,0,0,0,33,0,0,0,0,0,55,0,59,0,0,0,0,0
6,0,19,16,17,11,39,0,0,27,0,38,51,54,57,64,0,0,77,0
4,0,18,20,15,28,26,40,42,49,0,50,53,56,62,60,0,71,79,78
3,13,10,22,21,25,30,29,36,32,44,45,48,58,61,63,70,74,76,80
2,5,9,23,24,34,37,41,43,46,47,52,65,66,67,68,69,72,73,75
