2010-10-28
0,0,0,0,0,0,0,0,0,0,0,0,0,0,0,0,0,0,0,0
0,0,0,0,0,0,0,0,0,0,0,0,0,0,0,0,0,0,0,0
0,0,0,0,0,0,0,0,0,0,0,0,0,0,0,0,0,0,0,0
0,0,0,0,0,0,0,0,0,0,0,0,0,0,0,0,0,0,0,0
0,0,0,0,0,0,0,0,0,0,0,0,0,0,0,0,0,0,0,0
0,0,0,0,0,0,0,0,0,0,0,0,0,0,0,0,0,0,0,0
0,0,0,0,0,0,0,0,0,0,0,0,0,0,0,0,0,0,0,0
0,0,0,0,0,0,0,0,0,0,0,0,0,0,0,0,0,0,0,0
0,0,0,0,0,0,0,0,0,0,0,0,0,0,0,0,0,39,0,0
38,15,0,0,0,0,0,0,0,0,0,0,0,0,0,0,0,1,0,0
29,68,0,0,0,0,0,0,37,79,0,0,0,0,0,0,34,33,0,0
55,43,11,4,51,0,14,0,19,6,0,59,0,0,0,28,35,60,77,72
2,58,53,78,73,0,10,40,26,56,0,25,42,80,0,36,57,61,7,54
8,16,30,13,74,0,17,41,21,49,12,71,22,64,23,9,50,63,47,65
69,75,76,52,31,20,48,67,27,32,66,24,62,44,45,18,70,46,5,3
0,0,0,0,0,0,0,0,0,0,0,0,0,0,0,0,0,0,0,0
0,0,0,0,0,0,0,0,0,0,0,0,0,0,0,0,0,0,0,0
0,0,0,0,0,0,0,0,0,0,0,0,0,0,0,0,0,0,0,0
0,0,0,0,0,0,0,0,0,0,0,0,0,0,0,0,0,0,0,0
0,0,0,0,0,0,0,0,0,0,0,0,0,0,0,0,0,0,0,0
0,0,0,0,0,0,0,0,0,0,0,0,0,0,0,0,0,0,0,0
0,0,0,0,0,0,0,0,0,0,0,0,0,0,0,0,0,0,0,0
0,0,0,0,0,0,0,0,0,0,0,0,0,0,0,0,0,0,0,0
0,0,0,0,0,0,0,0,0,0,0,0,38,0,0,0,0,0,0,0
0,0,0,0,0,0,0,0,0,0,0,0,34,0,0,0,0,0,0,0
1,0,0,11,0,0,0,0,0,0,0,39,51,0,0,55,0,0,0,0
6,4,0,26,0,19,0,0,33,0,29,56,43,0,59,60,72,73,68,79
2,7,10,12,15,28,0,23,25,37,36,40,61,42,58,53,54,77,74,80
8,9,13,17,14,16,21,22,30,35,41,47,49,50,63,64,65,57,78,71
3,5,18,20,24,27,31,32,44,45,46,48,52,62,66,67,69,70,75,76
0,0,0,0,0,0,0,0,0,0,0,0,0,0,0,0,0,0,0,0
0,0,0,0,0,0,0,0,0,0,0,0,0,0,0,0,0,0,0,0
0,0,0,0,0,0,0,0,0,0,0,0,0,0,0,0,0,0,0,0
0,0,0,0,0,0,0,0,0,0,0,0,0,0,0,0,0,0,0,0
0,0,0,0,0,0,0,0,0,0,0,0,0,0,0,0,0,0,0,0
0,0,0,0,0,0,0,0,0,0,0,0,0,0,0,0,0,0,0,0
0,0,0,0,0,0,0,0,0,0,0,0,0,0,0,0,0,0,0,0
0,0,0,0,0,0,0,0,0,0,0,0,0,0,0,0,0,0,0,0
38,0,0,0,0,0,0,0,0,0,0,0,0,0,0,0,0,39,0,0
29,0,0,0,0,0,0,0,0,0,0,0,0,0,0,0,0,33,0,0
55,68,11,4,0,0,0,0,0,6,0,0,0,0,0,0,34,60,0,72
2,43,53,78,0,0,0,40,0,56,0,0,0,0,0,0,35,61,77,54
8,16,30,13,51,0,0,41,21,49,12,25,42,64,23,28,50,63,7,65
69,75,76,52,73,20,48,67,27,32,66,24,62,44,45,9,70,46,5,3
31,59,22,71,14,80,58,10,26,17,79,57,36,19,18,74,47,1,37,15
0,0,0,0,0,0,0,0,0,0,0,0,0,0,0,0,0,0,0,0
0,0,0,0,0,0,0,0,0,0,0,0,0,0,0,0,0,0,0,0
0,0,0,0,0,0,0,0,0,0,0,0,0,0,0,0,0,0,0,0
0,0,0,0,0,0,0,0,0,0,0,0,0,0,0,0,0,0,0,0
0,0,0,0,0,0,0,0,0,0,0,0,0,0,0,0,0,0,0,0
0,0,0,0,0,0,0,0,0,0,0,0,0,0,0,0,0,0,0,0
0,0,0,0,0,0,0,0,0,0,0,0,0,0,0,0,0,0,0,0
0,0,0,0,0,0,0,0,0,0,0,0,38,0,0,0,0,0,0,0
0,0,0,0,0,0,0,0,0,0,0,0,34,0,0,0,0,0,0,0
0,0,0,0,0,0,0,0,0,0,0,0,51,0,0,55,0,0,0,0
6,4,0,0,0,0,0,0,33,0,0,39,43,0,0,60,72,0,0,0
2,7,0,11,0,28,0,0,25,0,29,56,61,42,0,53,54,73,68,0
8,9,0,12,0,16,0,23,30,35,41,40,49,50,63,64,65,77,78,0
3,5,13,20,24,27,21,32,44,45,46,48,52,62,66,67,69,70,75,76
1,10,14,15,17,18,19,22,26,31,36,37,47,57,58,59,71,74,79,80
