2002-03-28
0,0,0,0,0,0,0,0,0,0,0,0,0,0,0,0,0,0,0,0
0,0,0,0,0,0,0,0,0,0,0,0,0,0,0,0,0,0,0,0
0,0,0,0,0,0,0,0,0,0,0,0,0,0,0,0,0,0,0,0
0,0,0,0,0,0,0,0,0,0,0,0,0,0,0,0,0,0,0,0
0,0,0,0,0,0,0,0,0,0,0,0,0,0,0,0,0,0,0,0
0,0,0,0,0,0,0,0,0,0,0,0,0,0,0,0,0,0,0,0
0,0,0,0,0,0,0,0,0,0,0,0,0,0,0,0,0,0,0,0
0,0,0,0,0,0,0,0,0,0,0,0,0,0,0,0,0,0,0,0
0,0,0,0,0,0,0,0,0,0,0,0,0,0,0,0,0,0,0,0
0,35,0,0,0,32,0,0,0,0,57,0,0,0,0,0,0,30,0,0
0,29,0,0,0,46,0,0,0,0,23,0,0,0,0,0,3,4,79,9
51,24,26,14,69,71,0,0,0,0,37,44,0,0,33,0,34,64,39,31
62,75,66,11,55,5,0,0,0,0,52,65,13,43,16,22,80,17,41,72
25,42,53,77,70,15,59,38,36,47,60,1,50,49,18,48,7,73,40,67
56,45,19,54,10,8,58,21,2,68,12,74,27,63,6,61,76,78,28,20
0,0,0,0,0,0,0,0,0,0,0,0,0,0,0,0,0,0,0,0
0,0,0,0,0,0,0,0,0,0,0,0,0,0,0,0,0,0,0,0
0,0,0,0,0,0,0,0,0,0,0,0,0,0,0,0,0,0,0,0
0,0,0,0,0,0,0,0,0,0,0,0,0,0,0,0,0,0,0,0
0,0,0,0,0,0,0,0,0,0,0,0,0,0,0,0,0,0,0,0
0,0,0,0,0,0,0,0,0,0,0,0,0,0,0,0,0,0,0,0
0,0,0,0,0,0,0,0,0,0,0,0,0,0,0,0,0,0,0,0
0,0,0,0,0,0,0,0,0,0,0,0,0,0,0,0,0,0,0,0
0,0,0,0,0,0,0,0,0,0,0,0,0,0,0,0,0,0,0,0
0,0,0,9,0,0,32,0,0,35,0,0,0,0,0,0,0,0,0,0
3,0,0,11,0,30,37,0,0,43,46,0,0,0,0,0,71,0,0,0
4,14,0,24,0,23,33,29,0,41,44,0,52,0,0,57,64,59,0,79
7,5,0,16,26,31,22,39,34,40,47,0,55,0,51,62,66,72,69,80
1,13,15,18,17,25,36,38,42,48,49,50,53,60,67,65,70,73,75,77
2,6,8,10,12,19,20,21,27,28,45,54,56,58,61,63,68,74,76,78
0,0,0,0,0,0,0,0,0,0,0,0,0,0,0,0,0,0,0,0
0,0,0,0,0,0,0,0,0,0,0,0,0,0,0,0,0,0,0,0
0,0,0,0,0,0,0,0,0,0,0,0,0,0,0,0,0,0,0,0
0,0,0,0,0,0,0,0,0,0,0,0,0,0,0,0,0,0,0,0
0,0,0,0,0,0,0,0,0,0,0,0,0,0,0,0,0,0,0,0
0,0,0,0,0,0,0,0,0,0,0,0,0,0,0,0,0,0,0,0
0,0,0,0,0,0,0,0,0,0,0,0,0,0,0,0,0,0,0,0
0,0,0,0,0,0,0,0,0,0,0,0,0,0,0,0,0,0,0,0
0,0,0,0,0,0,0,0,0,0,0,0,0,0,0,0,0,0,0,0
0,0,0,0,0,32,0,0,0,0,0,0,0,0,0,0,0,0,0,0
0,0,26,14,69,46,0,0,0,0,23,0,0,0,33,0,0,0,79,9
51,35,66,11,55,71,0,0,0,0,52,65,13,0,16,0,34,0,39,72
25,24,53,77,70,5,59,0,36,0,60,1,50,49,18,22,80,30,41,67
56,75,19,54,10,15,58,38,2,47,12,74,27,63,6,61,76,64,40,20
29,31,3,42,44,21,45,78,7,43,8,37,62,68,17,4,28,48,57,73
0,0,0,0,0,0,0,0,0,0,0,0,0,0,0,0,0,0,0,0
0,0,0,0,0,0,0,0,0,0,0,0,0,0,0,0,0,0,0,0
0,0,0,0,0,0,0,0,0,0,0,0,0,0,0,0,0,0,0,0
0,0,0,0,0,0,0,0,0,0,0,0,0,0,0,0,0,0,0,0
0,0,0,0,0,0,0,0,0,0,0,0,0,0,0,0,0,0,0,0
0,0,0,0,0,0,0,0,0,0,0,0,0,0,0,0,0,0,0,0
0,0,0,0,0,0,0,0,0,0,0,0,0,0,0,0,0,0,0,0
0,0,0,0,0,0,0,0,0,0,0,0,0,0,0,0,0,0,0,0
0,0,0,9,0,0,0,0,0,0,0,0,0,0,0,0,0,0,0,0
0,0,0,11,0,0,32,0,0,0,0,0,0,0,0,0,0,0,0,0
0,14,0,24,0,30,33,0,0,0,0,0,52,0,0,0,71,0,0,0
0,5,0,16,0,23,22,0,0,35,46,0,55,0,51,0,64,59,69,79
1,13,0,18,26,25,36,39,34,41,47,50,53,60,67,65,66,72,75,80
2,6,15,10,12,19,20,38,27,40,49,54,56,58,61,63,70,74,76,77
3,4,7,8,17,21,28,29,31,37,42,43,44,45,48,57,62,68,73,78
