2010-11-30
0,0,0,0,0,0,0,0,0,0,0,0,0,0,0,0,0,0,0,0
0,0,0,0,0,0,0,0,0,0,0,0,0,0,0,0,0,0,0,0
0,0,0,0,0,0,0,0,0,0,0,0,0,0,0,0,0,0,0,0
0,0,0,0,0,0,0,0,0,0,0,0,0,0,0,0,0,0,0,0
0,0,0,0,0,0,0,0,0,0,0,0,0,0,0,0,0,0,0,0
0,0,0,0,0,0,0,0,0,0,0,0,0,0,0,0,0,0,0,0
0,0,0,0,0,0,0,0,0,0,0,0,0,0,0,0,0,0,0,0
0,0,0,0,0,0,0,0,0,0,0,0,0,0,0,0,0,0,0,0
0,0,0,0,0,0,0,0,0,0,0,0,0,0,0,0,0,0,0,0
0,0,0,0,69,0,48,0,0,0,0,0,26,0,0,0,0,0,0,0
0,0,0,0,12,70,64,0,0,0,0,1,24,0,0,0,72,0,0,67
0,0,0,0,37,25,32,0,0,4,36,63,80,50,15,59,43,0,0,42
23,33,34,40,79,73,6,0,0,62,55,75,61,14,58,56,38,57,44,53
11,52,16,29,27,74,35,54,41,78,47,8,39,46,20,18,3,17,45,9
10,51,13,76,5,49,77,2,30,71,7,21,65,68,28,19,31,22,60,66
0,0,0,0,0,0,0,0,0,0,0,0,0,0,0,0,0,0,0,0
0,0,0,0,0,0,0,0,0,0,0,0,0,0,0,0,0,0,0,0
0,0,0,0,0,0,0,0,0,0,0,0,0,0,0,0,0,0,0,0
0,0,0,0,0,0,0,0,0,0,0,0,0,0,0,0,0,0,0,0
0,0,0,0,0,0,0,0,0,0,0,0,0,0,0,0,0,0,0,0
0,0,0,0,0,0,0,0,0,0,0,0,0,0,0,0,0,0,0,0
0,0,0,0,0,0,0,0,0,0,0,0,0,0,0,0,0,0,0,0
0,0,0,0,0,0,0,0,0,0,0,0,0,0,0,0,0,0,0,0
0,0,0,0,0,0,0,0,0,0,0,0,0,0,0,0,0,0,0,0
0,0,0,0,0,0,0,0,0,0,0,0,0,0,0,0,0,0,0,0
0,0,12,0,15,0,0,26,0,0,42,0,44,56,59,0,0,69,0,80
0,0,24,0,23,25,0,34,40,0,50,48,55,63,73,67,0,62,72,79
1,4,16,9,14,36,37,32,33,0,53,43,57,58,61,64,0,75,70,78
3,6,8,11,17,18,29,20,38,0,27,54,35,39,41,45,46,47,52,74
2,5,7,10,13,19,21,22,28,30,31,49,51,60,65,66,68,71,76,77
0,0,0,0,0,0,0,0,0,0,0,0,0,0,0,0,0,0,0,0
0,0,0,0,0,0,0,0,0,0,0,0,0,0,0,0,0,0,0,0
0,0,0,0,0,0,0,0,0,0,0,0,0,0,0,0,0,0,0,0
0,0,0,0,0,0,0,0,0,0,0,0,0,0,0,0,0,0,0,0
0,0,0,0,0,0,0,0,0,0,0,0,0,0,0,0,0,0,0,0
0,0,0,0,0,0,0,0,0,0,0,0,0,0,0,0,0,0,0,0
0,0,0,0,0,0,0,0,0,0,0,0,0,0,0,0,0,0,0,0
0,0,0,0,0,0,0,0,0,0,0,0,0,0,0,0,0,0,0,0
0,0,0,0,0,0,0,0,0,0,0,0,26,0,0,0,0,0,0,0
0,0,0,0,12,70,0,0,0,0,0,0,24,0,0,0,0,0,0,0
0,0,0,0,37,25,0,0,0,0,0,1,80,0,0,0,0,0,0,0
23,33,34,40,79,73,0,0,0,62,0,63,61,50,58,56,0,57,0,53
11,52,16,29,27,74,0,0,41,78,47,75,39,14,20,18,72,17,44,9
10,51,13,76,5,49,35,2,30,71,7,21,65,46,28,19,31,22,45,66
67,42,43,64,77,48,4,68,3,6,36,8,38,15,32,60,55,69,54,59
0,0,0,0,0,0,0,0,0,0,0,0,0,0,0,0,0,0,0,0
0,0,0,0,0,0,0,0,0,0,0,0,0,0,0,0,0,0,0,0
0,0,0,0,0,0,0,0,0,0,0,0,0,0,0,0,0,0,0,0
0,0,0,0,0,0,0,0,0,0,0,0,0,0,0,0,0,0,0,0
0,0,0,0,0,0,0,0,0,0,0,0,0,0,0,0,0,0,0,0
0,0,0,0,0,0,0,0,0,0,0,0,0,0,0,0,0,0,0,0
0,0,0,0,0,0,0,0,0,0,0,0,0,0,0,0,0,0,0,0
0,0,0,0,0,0,0,0,0,0,0,0,0,0,0,0,0,0,0,0
0,0,0,0,0,0,0,0,0,0,0,0,0,0,0,0,0,0,0,0
0,0,0,0,0,0,0,0,0,0,0,0,0,0,0,0,0,0,0,0
0,0,12,0,23,0,0,26,0,0,50,0,44,56,73,0,0,62,72,80
0,0,24,9,14,25,37,34,40,0,53,0,57,63,61,0,0,75,70,79
1,0,16,11,17,18,29,20,33,0,27,0,35,58,41,45,0,47,52,78
2,5,7,10,13,19,21,22,28,30,31,49,51,39,65,66,46,71,76,74
3,4,6,8,15,32,36,38,42,43,48,54,55,59,60,64,67,68,69,77
