2011-01-29
0,0,0,0,0,0,0,0,0,0,0,0,0,0,0,0,0,0,0,0
0,0,0,0,0,0,0,0,0,0,0,0,0,0,0,0,0,0,0,0
0,0,0,0,0,0,0,0,0,0,0,0,0,0,0,0,0,0,0,0
0,0,0,0,0,0,0,0,0,0,0,0,0,0,0,0,0,0,0,0
0,0,0,0,0,0,0,0,0,0,0,0,0,0,0,0,0,0,0,0
0,0,0,0,0,0,0,0,0,0,0,0,0,0,0,0,0,0,0,0
0,0,0,0,0,0,0,0,0,0,0,0,0,0,0,0,0,0,0,0
0,0,0,0,0,0,0,0,0,0,0,0,0,0,0,0,0,0,0,0
36,0,0,0,0,0,0,0,0,0,0,0,0,0,0,0,0,0,0,0
61,0,0,0,0,0,0,0,0,0,0,0,0,0,0,0,0,0,33,0
5,0,0,0,0,0,54,10,0,59,0,0,49,0,0,0,42,0,28,0
45,0,41,0,70,79,65,62,31,17,0,0,50,0,0,0,27,0,21,32
26,2,3,15,74,75,44,64,67,24,0,60,78,30,69,12,43,40,23,73
77,9,66,76,48,34,25,52,57,13,0,51,8,7,22,47,29,68,11,6
39,46,38,14,80,37,18,72,35,4,71,16,19,58,1,63,20,56,55,53
0,0,0,0,0,0,0,0,0,0,0,0,0,0,0,0,0,0,0,0
0,0,0,0,0,0,0,0,0,0,0,0,0,0,0,0,0,0,0,0
0,0,0,0,0,0,0,0,0,0,0,0,0,0,0,0,0,0,0,0
0,0,0,0,0,0,0,0,0,0,0,0,0,0,0,0,0,0,0,0
0,0,0,0,0,0,0,0,0,0,0,0,0,0,0,0,0,0,0,0
0,0,0,0,0,0,0,0,0,0,0,0,0,0,0,0,0,0,0,0
0,0,0,0,0,0,0,0,0,0,0,0,0,0,0,0,0,0,0,0
0,0,0,0,0,0,0,0,0,0,0,0,0,0,0,0,0,0,0,0
0,0,0,0,0,0,0,0,0,42,0,0,0,0,0,0,0,0,0,0
0,0,0,0,0,0,0,28,0,40,0,0,59,0,0,0,0,0,0,0
0,12,0,0,0,0,0,32,33,60,0,0,50,0,54,0,61,0,0,0
10,5,0,0,21,15,41,23,36,27,0,0,45,0,69,0,70,0,0,0
2,3,7,17,30,31,26,34,47,43,62,0,51,0,48,73,74,75,67,79
6,8,9,11,13,22,25,29,24,52,44,65,57,49,66,68,64,76,77,78
1,4,14,16,18,19,20,35,37,38,39,46,53,55,56,58,63,71,72,80
0,0,0,0,0,0,0,0,0,0,0,0,0,0,0,0,0,0,0,0
0,0,0,0,0,0,0,0,0,0,0,0,0,0,0,0,0,0,0,0
0,0,0,0,0,0,0,0,0,0,0,0,0,0,0,0,0,0,0,0
0,0,0,0,0,0,0,0,0,0,0,0,0,0,0,0,0,0,0,0
0,0,0,0,0,0,0,0,0,0,0,0,0,0,0,0,0,0,0,0
0,0,0,0,0,0,0,0,0,0,0,0,0,0,0,0,0,0,0,0
0,0,0,0,0,0,0,0,0,0,0,0,0,0,0,0,0,0,0,0
0,0,0,0,0,0,0,0,0,0,0,0,0,0,0,0,0,0,0,0
36,0,0,0,0,0,0,0,0,0,0,0,0,0,0,0,0,0,0,0
61,0,0,0,0,0,0,0,0,0,0,0,0,0,0,0,0,0,33,0
5,0,0,0,70,79,54,10,31,0,0,0,0,0,0,0,0,0,28,0
45,2,3,0,74,75,65,62,67,17,0,60,0,0,0,0,42,0,21,32
26,9,66,15,48,34,44,52,57,24,0,51,78,30,0,12,27,40,23,73
77,46,38,14,80,37,25,72,35,4,0,16,8,58,22,47,29,56,55,53
64,63,41,76,71,19,49,13,59,18,1,6,43,20,7,39,68,11,50,69
0,0,0,0,0,0,0,0,0,0,0,0,0,0,0,0,0,0,0,0
0,0,0,0,0,0,0,0,0,0,0,0,0,0,0,0,0,0,0,0
0,0,0,0,0,0,0,0,0,0,0,0,0,0,0,0,0,0,0,0
0,0,0,0,0,0,0,0,0,0,0,0,0,0,0,0,0,0,0,0
0,0,0,0,0,0,0,0,0,0,0,0,0,0,0,0,0,0,0,0
0,0,0,0,0,0,0,0,0,0,0,0,0,0,0,0,0,0,0,0
0,0,0,0,0,0,0,0,0,0,0,0,0,0,0,0,0,0,0,0
0,0,0,0,0,0,0,0,0,0,0,0,0,0,0,0,0,0,0,0
0,0,0,0,0,0,0,28,0,42,0,0,0,0,0,0,0,0,0,0
0,12,0,0,0,0,0,32,33,40,0,0,0,0,0,0,0,0,0,0
0,5,0,0,0,0,0,23,36,60,0,0,45,0,54,0,0,0,0,0
0,3,0,0,0,15,0,34,47,27,0,0,51,0,48,0,61,0,67,79
10,8,9,17,21,31,26,29,24,52,62,65,57,0,66,73,70,0,77,78
2,4,14,16,30,22,25,35,37,38,44,46,53,55,56,58,74,75,72,80
1,6,7,11,13,18,19,20,39,41,43,49,50,59,63,64,68,69,71,76
