2011-06-28
0,0,0,0,0,0,0,0,0,0,0,0,0,0,0,0,0,0,0,0
0,0,0,0,0,0,0,0,0,0,0,0,0,0,0,0,0,0,0,0
0,0,0,0,0,0,0,0,0,0,0,0,0,0,0,0,0,0,0,0
0,0,0,0,0,0,0,0,0,0,0,0,0,0,0,0,0,0,0,0
0,0,0,0,0,0,0,0,0,0,0,0,0,0,0,0,0,0,0,0
0,0,0,0,0,0,0,0,0,0,0,0,0,0,0,0,0,0,0,0
0,0,0,0,0,0,0,0,0,0,0,0,0,0,0,0,0,0,0,0
0,0,0,0,0,0,0,0,0,0,0,0,0,0,0,0,0,0,0,0
0,0,0,0,0,0,0,0,0,0,0,0,0,0,0,37,0,0,0,0
0,0,0,0,0,0,0,0,0,0,0,0,0,0,20,55,0,0,0,21
0,13,0,0,0,0,0,0,60,0,31,0,0,0,80,59,0,0,0,38
56,1,34,0,0,58,6,0,8,0,49,0,71,0,77,69,78,79,0,23
10,43,75,0,36,25,46,32,33,0,19,0,18,66,26,50,24,64,68,12
35,17,29,48,28,73,44,76,51,5,3,27,7,67,14,39,11,65,22,61
63,62,4,53,72,30,54,45,9,15,2,40,42,70,74,16,47,57,41,52
0,0,0,0,0,0,0,0,0,0,0,0,0,0,0,0,0,0,0,0
0,0,0,0,0,0,0,0,0,0,0,0,0,0,0,0,0,0,0,0
0,0,0,0,0,0,0,0,0,0,0,0,0,0,0,0,0,0,0,0
0,0,0,0,0,0,0,0,0,0,0,0,0,0,0,0,0,0,0,0
0,0,0,0,0,0,0,0,0,0,0,0,0,0,0,0,0,0,0,0
0,0,0,0,0,0,0,0,0,0,0,0,0,0,0,0,0,0,0,0
0,0,0,0,0,0,0,0,0,0,0,0,0,0,0,0,0,0,0,0
0,0,0,0,0,0,0,0,0,0,0,0,0,0,0,0,0,0,0,0
0,0,21,0,0,0,0,0,0,0,0,0,37,0,0,0,0,0,0,0
0,0,8,0,0,13,0,0,0,0,0,0,60,0,55,0,0,0,0,80
0,0,6,0,0,31,0,0,0,0,0,0,59,0,64,0,0,0,0,78
0,20,12,0,23,33,34,0,25,0,48,0,58,0,56,71,68,0,79,77
0,10,11,0,26,18,19,24,36,0,32,38,43,0,46,66,69,0,76,67
1,3,5,7,14,17,22,27,28,29,49,35,39,44,51,50,61,65,75,73
2,4,9,15,16,30,40,41,42,45,47,52,53,54,57,62,63,70,72,74
0,0,0,0,0,0,0,0,0,0,0,0,0,0,0,0,0,0,0,0
0,0,0,0,0,0,0,0,0,0,0,0,0,0,0,0,0,0,0,0
0,0,0,0,0,0,0,0,0,0,0,0,0,0,0,0,0,0,0,0
0,0,0,0,0,0,0,0,0,0,0,0,0,0,0,0,0,0,0,0
0,0,0,0,0,0,0,0,0,0,0,0,0,0,0,0,0,0,0,0
0,0,0,0,0,0,0,0,0,0,0,0,0,0,0,0,0,0,0,0
0,0,0,0,0,0,0,0,0,0,0,0,0,0,0,0,0,0,0,0
0,0,0,0,0,0,0,0,0,0,0,0,0,0,0,0,0,0,0,0
0,0,0,0,0,0,0,0,0,0,0,0,0,0,0,0,0,0,0,0
0,0,0,0,0,0,0,0,0,0,0,0,0,0,0,37,0,0,0,21
56,13,0,0,0,0,0,0,60,0,31,0,0,0,20,55,0,0,0,23
10,1,0,0,0,58,6,32,8,0,19,0,0,66,80,59,78,79,0,12
35,43,75,0,36,73,46,76,33,5,3,0,71,67,26,50,24,64,68,61
63,62,29,53,72,30,44,45,9,15,2,40,18,70,74,39,47,65,41,52
57,14,77,42,22,4,51,69,48,27,49,25,34,54,28,38,11,7,16,17
0,0,0,0,0,0,0,0,0,0,0,0,0,0,0,0,0,0,0,0
0,0,0,0,0,0,0,0,0,0,0,0,0,0,0,0,0,0,0,0
0,0,0,0,0,0,0,0,0,0,0,0,0,0,0,0,0,0,0,0
0,0,0,0,0,0,0,0,0,0,0,0,0,0,0,0,0,0,0,0
0,0,0,0,0,0,0,0,0,0,0,0,0,0,0,0,0,0,0,0
0,0,0,0,0,0,0,0,0,0,0,0,0,0,0,0,0,0,0,0
0,0,0,0,0,0,0,0,0,0,0,0,0,0,0,0,0,0,0,0
0,0,0,0,0,0,0,0,0,0,0,0,37,0,0,0,0,0,0,0
0,0,21,0,0,0,0,0,0,0,0,0,60,0,0,0,0,0,0,0
0,0,8,0,0,13,0,0,0,0,0,0,59,0,0,0,0,0,0,80
0,0,6,0,0,31,0,0,0,0,0,0,58,0,55,71,0,0,79,78
0,20,12,0,0,33,0,0,0,0,0,0,43,0,64,66,68,0,76,67
1,10,5,0,23,18,19,24,0,29,32,35,39,0,56,50,61,65,75,73
2,3,9,15,26,30,40,41,36,45,47,52,53,44,46,62,63,70,72,74
4,7,11,14,16,17,22,25,27,28,34,38,42,48,49,51,54,57,69,77
