2011-07-19
0,0,0,0,0,0,0,0,0,0,0,0,0,0,0,0,0,0,0,0
0,0,0,0,0,0,0,0,0,0,0,0,0,0,0,0,0,0,0,0
0,0,0,0,0,0,0,0,0,0,0,0,0,0,0,0,0,0,0,0
0,0,0,0,0,0,0,0,0,0,0,0,0,0,0,0,0,0,0,0
0,0,0,0,0,0,0,0,0,0,0,0,0,0,0,0,0,0,0,0
0,0,0,0,0,0,0,0,0,0,0,0,0,0,0,0,0,0,0,0
0,0,0,0,0,0,0,0,0,0,0,0,0,0,0,0,0,0,0,0
0,0,0,0,0,0,0,0,0,0,0,0,0,0,0,0,0,0,0,0
0,0,0,23,0,0,0,0,0,0,0,0,0,0,0,0,0,0,0,0
32,0,0,28,0,69,0,0,0,0,0,0,0,0,0,59,67,0,0,0
68,66,0,57,2,7,0,0,0,40,0,0,0,0,71,35,50,0,0,0
79,80,0,6,41,12,0,0,72,70,0,51,0,0,25,24,46,0,0,0
58,9,0,33,75,1,0,0,65,17,0,30,0,26,34,44,21,19,0,74
52,8,37,78,53,42,31,5,18,62,61,39,60,45,49,20,13,64,4,55
56,47,3,76,36,15,73,29,10,63,43,11,14,48,27,77,54,16,22,38
0,0,0,0,0,0,0,0,0,0,0,0,0,0,0,0,0,0,0,0
0,0,0,0,0,0,0,0,0,0,0,0,0,0,0,0,0,0,0,0
0,0,0,0,0,0,0,0,0,0,0,0,0,0,0,0,0,0,0,0
0,0,0,0,0,0,0,0,0,0,0,0,0,0,0,0,0,0,0,0
0,0,0,0,0,0,0,0,0,0,0,0,0,0,0,0,0,0,0,0
0,0,0,0,0,0,0,0,0,0,0,0,0,0,0,0,0,0,0,0
0,0,0,0,0,0,0,0,0,0,0,0,0,0,0,0,0,0,0,0
0,0,0,0,0,0,0,0,0,0,0,0,0,0,0,0,0,0,0,0
4,0,0,0,0,0,0,0,0,0,0,0,0,0,0,0,0,0,0,0
5,0,0,0,0,23,0,0,0,0,0,0,0,0,0,57,0,0,0,0
7,0,0,0,0,28,0,0,40,0,0,0,0,0,0,50,70,71,0,0
6,2,0,0,0,25,30,32,35,0,0,0,0,0,59,69,74,67,66,80
1,9,17,19,24,26,21,34,33,46,41,0,51,0,58,68,72,65,79,75
8,13,12,18,20,31,37,39,42,45,44,49,52,53,55,60,61,62,64,78
3,10,11,14,15,16,22,27,29,36,38,43,47,48,54,56,63,73,76,77
0,0,0,0,0,0,0,0,0,0,0,0,0,0,0,0,0,0,0,0
0,0,0,0,0,0,0,0,0,0,0,0,0,0,0,0,0,0,0,0
0,0,0,0,0,0,0,0,0,0,0,0,0,0,0,0,0,0,0,0
0,0,0,0,0,0,0,0,0,0,0,0,0,0,0,0,0,0,0,0
0,0,0,0,0,0,0,0,0,0,0,0,0,0,0,0,0,0,0,0
0,0,0,0,0,0,0,0,0,0,0,0,0,0,0,0,0,0,0,0
0,0,0,0,0,0,0,0,0,0,0,0,0,0,0,0,0,0,0,0
0,0,0,0,0,0,0,0,0,0,0,0,0,0,0,0,0,0,0,0
32,0,0,23,0,0,0,0,0,0,0,0,0,0,0,0,67,0,0,0
68,0,0,28,0,7,0,0,0,40,0,0,0,0,0,35,50,0,0,0
79,0,0,57,41,12,0,0,0,70,0,0,0,0,0,24,46,0,0,0
58,80,0,6,75,1,0,0,72,17,0,0,0,0,0,44,21,0,0,0
52,9,37,33,53,42,31,0,65,62,0,0,60,26,71,20,13,19,0,74
56,8,3,76,36,15,73,0,10,63,43,51,14,48,34,77,54,64,22,38
29,2,39,16,11,78,69,30,4,59,47,49,66,18,61,27,5,45,55,25
0,0,0,0,0,0,0,0,0,0,0,0,0,0,0,0,0,0,0,0
0,0,0,0,0,0,0,0,0,0,0,0,0,0,0,0,0,0,0,0
0,0,0,0,0,0,0,0,0,0,0,0,0,0,0,0,0,0,0,0
0,0,0,0,0,0,0,0,0,0,0,0,0,0,0,0,0,0,0,0
0,0,0,0,0,0,0,0,0,0,0,0,0,0,0,0,0,0,0,0
0,0,0,0,0,0,0,0,0,0,0,0,0,0,0,0,0,0,0,0
0,0,0,0,0,0,0,0,0,0,0,0,0,0,0,0,0,0,0,0
0,0,0,0,0,0,0,0,0,0,0,0,0,0,0,0,0,0,0,0
0,0,0,0,0,0,0,0,0,0,0,0,0,0,0,0,0,0,0,0
7,0,0,0,0,0,0,0,0,0,0,0,0,0,0,57,0,71,0,0
6,0,0,0,0,23,0,0,40,0,0,0,0,0,0,50,70,67,0,0
1,9,0,0,24,28,21,0,35,0,41,0,0,0,0,68,74,65,79,80
8,13,17,19,20,26,37,32,33,46,44,0,51,53,58,60,72,62,64,75
3,10,12,14,15,31,22,34,42,36,38,43,52,48,54,56,63,73,76,77
2,4,5,11,16,18,25,27,29,30,39,45,47,49,55,59,61,66,69,78
