2011-08-01
0,0,0,0,0,0,0,0,0,0,0,0,0,0,0,0,0,0,0,0
0,0,0,0,0,0,0,0,0,0,0,0,0,0,0,0,0,0,0,0
0,0,0,0,0,0,0,0,0,0,0,0,0,0,0,0,0,0,0,0
0,0,0,0,0,0,0,0,0,0,0,0,0,0,0,0,0,0,0,0
0,0,0,0,0,0,0,0,0,0,0,0,0,0,0,0,0,0,0,0
0,0,0,0,0,0,0,0,0,0,0,0,0,0,0,0,0,0,0,0
0,0,0,0,0,0,0,0,0,0,0,0,0,0,0,0,0,0,0,0
0,0,0,0,0,0,0,0,0,0,0,0,0,0,0,0,0,0,0,0
0,0,0,0,0,0,0,0,0,0,0,0,0,0,0,0,0,0,0,0
0,58,0,0,0,0,0,0,0,0,0,0,0,0,0,0,0,0,0,0
0,78,0,41,17,27,0,0,72,59,43,0,0,0,0,0,1,0,0,0
6,16,0,4,10,24,0,0,68,65,44,26,30,0,14,66,61,74,0,0
51,31,45,36,62,15,0,70,38,80,42,21,11,0,69,76,19,5,7,0
29,75,52,49,20,71,79,8,67,34,50,37,64,28,55,35,23,63,57,33
47,73,9,39,60,54,22,53,18,12,56,32,40,13,2,3,46,77,25,48
0,0,0,0,0,0,0,0,0,0,0,0,0,0,0,0,0,0,0,0
0,0,0,0,0,0,0,0,0,0,0,0,0,0,0,0,0,0,0,0
0,0,0,0,0,0,0,0,0,0,0,0,0,0,0,0,0,0,0,0
0,0,0,0,0,0,0,0,0,0,0,0,0,0,0,0,0,0,0,0
0,0,0,0,0,0,0,0,0,0,0,0,0,0,0,0,0,0,0,0
0,0,0,0,0,0,0,0,0,0,0,0,0,0,0,0,0,0,0,0
0,0,0,0,0,0,0,0,0,0,0,0,0,0,0,0,0,0,0,0
0,0,0,0,0,0,0,0,0,0,0,0,0,0,0,0,72,0,0,0
0,0,0,0,0,0,0,0,0,0,0,0,0,0,0,0,58,0,0,0
0,0,0,0,0,0,26,0,0,0,0,0,0,0,0,0,70,0,0,0
0,5,0,0,0,0,30,0,0,0,0,0,0,0,61,0,69,66,0,78
6,14,11,17,16,0,21,0,42,0,0,43,0,0,51,0,65,74,0,79
1,10,8,19,28,27,31,35,24,41,45,44,0,0,55,59,62,68,76,80
4,7,15,20,23,29,34,37,36,38,33,49,52,50,57,63,64,67,71,75
2,3,9,12,13,18,22,25,32,39,40,46,47,48,53,54,56,60,73,77
0,0,0,0,0,0,0,0,0,0,0,0,0,0,0,0,0,0,0,0
0,0,0,0,0,0,0,0,0,0,0,0,0,0,0,0,0,0,0,0
0,0,0,0,0,0,0,0,0,0,0,0,0,0,0,0,0,0,0,0
0,0,0,0,0,0,0,0,0,0,0,0,0,0,0,0,0,0,0,0
0,0,0,0,0,0,0,0,0,0,0,0,0,0,0,0,0,0,0,0
0,0,0,0,0,0,0,0,0,0,0,0,0,0,0,0,0,0,0,0
0,0,0,0,0,0,0,0,0,0,0,0,0,0,0,0,0,0,0,0
0,0,0,0,0,0,0,0,0,0,0,0,0,0,0,0,0,0,0,0
0,58,0,0,0,0,0,0,0,0,0,0,0,0,0,0,0,0,0,0
0,78,0,0,0,27,0,0,0,0,0,0,0,0,0,0,1,0,0,0
0,16,0,0,0,24,0,0,72,59,0,26,0,0,0,66,61,0,0,0
51,31,45,41,10,15,0,70,38,65,0,21,30,0,14,76,19,0,0,0
29,75,52,4,62,71,79,8,67,80,0,37,64,0,69,35,23,74,0,33
47,73,9,49,60,54,22,53,18,12,42,32,40,0,55,3,46,5,0,48
68,36,44,43,13,25,77,28,6,39,11,56,2,50,20,63,34,7,17,57
0,0,0,0,0,0,0,0,0,0,0,0,0,0,0,0,0,0,0,0
0,0,0,0,0,0,0,0,0,0,0,0,0,0,0,0,0,0,0,0
0,0,0,0,0,0,0,0,0,0,0,0,0,0,0,0,0,0,0,0
0,0,0,0,0,0,0,0,0,0,0,0,0,0,0,0,0,0,0,0
0,0,0,0,0,0,0,0,0,0,0,0,0,0,0,0,0,0,0,0
0,0,0,0,0,0,0,0,0,0,0,0,0,0,0,0,0,0,0,0
0,0,0,0,0,0,0,0,0,0,0,0,0,0,0,0,0,0,0,0
0,0,0,0,0,0,0,0,0,0,0,0,0,0,0,0,72,0,0,0
0,0,0,0,0,0,0,0,0,0,0,0,0,0,0,0,58,0,0,0
0,0,0,0,0,0,26,0,0,0,0,0,0,0,0,0,70,0,0,0
0,5,0,0,0,0,30,0,0,0,0,0,0,0,61,0,69,66,0,78
0,14,8,0,0,27,21,0,42,0,45,0,0,0,51,0,65,74,76,79
1,10,15,19,16,29,31,35,24,41,33,49,52,0,55,59,62,67,71,80
4,3,9,12,23,18,22,37,32,38,40,46,47,48,53,54,64,60,73,75
2,6,7,11,13,17,20,25,28,34,36,39,43,44,50,56,57,63,68,77
