2011-10-08
0,0,0,0,0,0,0,0,0,0,0,0,0,0,0,0,0,0,0,0
0,0,0,0,0,0,0,0,0,0,0,0,0,0,0,0,0,0,0,0
0,0,0,0,0,0,0,0,0,0,0,0,0,0,0,0,0,0,0,0
0,0,0,0,0,0,0,0,0,0,0,0,0,0,0,0,0,0,0,0
0,0,0,0,0,0,0,0,0,0,0,0,0,0,0,0,0,0,0,0
0,0,0,0,0,0,0,0,0,0,0,0,0,0,0,0,0,0,0,0
0,0,0,0,0,0,0,0,0,0,0,0,0,0,0,0,0,0,0,0
0,0,0,0,0,0,0,0,0,0,0,0,0,0,0,0,0,0,0,0
0,0,0,0,0,0,0,0,0,0,0,0,0,0,0,0,0,0,0,0
0,0,0,0,0,0,37,0,0,0,0,0,9,18,0,0,0,0,0,0
65,0,61,0,0,0,10,0,8,0,0,0,34,43,0,0,0,0,0,0
78,0,17,0,0,41,54,0,25,0,63,2,28,71,0,0,45,64,0,0
20,24,60,30,36,74,53,12,32,38,5,39,16,77,15,26,1,50,44,35
72,11,58,27,76,4,57,62,59,3,52,49,42,73,46,22,21,23,75,14
67,55,47,19,70,29,13,79,40,48,6,33,68,7,69,56,66,31,51,80
0,0,0,0,0,0,0,0,0,0,0,0,0,0,0,0,0,0,0,0
0,0,0,0,0,0,0,0,0,0,0,0,0,0,0,0,0,0,0,0
0,0,0,0,0,0,0,0,0,0,0,0,0,0,0,0,0,0,0,0
0,0,0,0,0,0,0,0,0,0,0,0,0,0,0,0,0,0,0,0
0,0,0,0,0,0,0,0,0,0,0,0,0,0,0,0,0,0,0,0
0,0,0,0,0,0,0,0,0,0,0,0,0,0,0,0,0,0,0,0
0,0,0,0,0,0,0,0,0,0,0,0,0,0,0,0,0,0,0,0
0,0,0,0,0,0,0,0,0,0,0,0,0,0,0,0,0,0,0,0
0,0,0,0,0,0,0,0,0,0,0,0,0,0,0,0,0,0,0,0
0,0,0,0,0,0,0,37,34,0,0,0,0,0,0,0,0,0,0,0
0,8,0,25,0,12,38,32,41,0,45,0,0,0,0,0,43,0,0,0
2,10,0,9,18,24,26,28,30,0,53,0,0,54,61,36,75,71,78,0
1,5,0,15,17,16,20,22,27,44,35,39,0,64,50,63,60,77,74,0
3,4,0,11,14,21,23,42,46,49,52,57,58,59,62,65,72,73,76,0
6,7,13,19,29,31,33,40,47,48,51,55,56,66,67,68,69,70,79,80
0,0,0,0,0,0,0,0,0,0,0,0,0,0,0,0,0,0,0,0
0,0,0,0,0,0,0,0,0,0,0,0,0,0,0,0,0,0,0,0
0,0,0,0,0,0,0,0,0,0,0,0,0,0,0,0,0,0,0,0
0,0,0,0,0,0,0,0,0,0,0,0,0,0,0,0,0,0,0,0
0,0,0,0,0,0,0,0,0,0,0,0,0,0,0,0,0,0,0,0
0,0,0,0,0,0,0,0,0,0,0,0,0,0,0,0,0,0,0,0
0,0,0,0,0,0,0,0,0,0,0,0,0,0,0,0,0,0,0,0
0,0,0,0,0,0,0,0,0,0,0,0,0,0,0,0,0,0,0,0
0,0,0,0,0,0,37,0,0,0,0,0,0,0,0,0,0,0,0,0
0,0,61,0,0,0,10,0,0,0,0,0,0,18,0,0,0,0,0,0
0,0,17,0,0,0,54,0,0,0,0,0,9,43,0,0,45,0,0,0
65,0,60,0,0,74,53,0,25,38,0,2,34,71,15,0,1,64,44,0
78,24,58,30,0,4,57,62,32,3,0,39,28,77,46,26,21,23,75,14
20,11,47,27,70,29,13,79,59,48,63,49,16,73,69,56,66,31,51,80
8,35,67,68,41,19,5,36,52,76,55,6,7,12,40,33,72,42,50,22
0,0,0,0,0,0,0,0,0,0,0,0,0,0,0,0,0,0,0,0
0,0,0,0,0,0,0,0,0,0,0,0,0,0,0,0,0,0,0,0
0,0,0,0,0,0,0,0,0,0,0,0,0,0,0,0,0,0,0,0
0,0,0,0,0,0,0,0,0,0,0,0,0,0,0,0,0,0,0,0
0,0,0,0,0,0,0,0,0,0,0,0,0,0,0,0,0,0,0,0
0,0,0,0,0,0,0,0,0,0,0,0,0,0,0,0,0,0,0,0
0,0,0,0,0,0,0,0,0,0,0,0,0,0,0,0,0,0,0,0
0,0,0,0,0,0,0,0,0,0,0,0,0,0,0,0,0,0,0,0
0,0,0,0,0,0,0,0,0,0,0,0,0,0,0,0,0,0,0,0
0,0,0,0,0,0,0,0,34,0,0,0,0,0,0,0,0,0,0,0
0,0,0,25,18,24,38,0,30,0,0,0,0,54,0,0,43,71,0,0
2,0,0,9,17,16,26,37,27,44,45,0,0,64,0,0,75,77,78,0
1,10,0,15,14,21,20,32,46,49,53,39,58,59,61,63,60,73,74,0
3,4,13,11,29,31,23,28,47,48,51,57,56,66,62,65,69,70,79,80
5,6,7,8,12,19,22,33,35,36,40,41,42,50,52,55,67,68,72,76
