2011-10-19
0,0,0,0,0,0,0,0,0,0,0,0,0,0,0,0,0,0,0,0
0,0,0,0,0,0,0,0,0,0,0,0,0,0,0,0,0,0,0,0
0,0,0,0,0,0,0,0,0,0,0,0,0,0,0,0,0,0,0,0
0,0,0,0,0,0,0,0,0,0,0,0,0,0,0,0,0,0,0,0
0,0,0,0,0,0,0,0,0,0,0,0,0,0,0,0,0,0,0,0
0,0,0,0,0,0,0,0,0,0,0,0,0,0,0,0,0,0,0,0
0,0,0,0,0,0,0,0,0,0,0,0,0,0,0,0,0,0,0,0
0,0,0,0,0,0,0,0,0,0,0,0,0,0,0,0,0,0,0,0
0,0,0,0,0,0,0,0,0,0,0,0,0,0,0,0,0,0,0,0
0,40,0,0,0,0,0,0,10,0,0,0,0,0,0,0,0,0,0,0
0,63,0,0,0,0,7,0,71,66,0,0,9,78,41,0,0,0,0,0
0,69,79,72,52,47,6,0,5,58,77,0,36,75,26,0,0,61,0,51
24,18,80,22,23,1,57,39,68,27,54,0,56,48,60,33,14,73,0,3
35,42,67,38,15,53,28,49,8,74,20,13,4,64,11,59,76,45,0,19
16,55,37,2,50,21,44,31,30,62,25,65,17,29,70,34,46,43,32,12
0,0,0,0,0,0,0,0,0,0,0,0,0,0,0,0,0,0,0,0
0,0,0,0,0,0,0,0,0,0,0,0,0,0,0,0,0,0,0,0
0,0,0,0,0,0,0,0,0,0,0,0,0,0,0,0,0,0,0,0
0,0,0,0,0,0,0,0,0,0,0,0,0,0,0,0,0,0,0,0
0,0,0,0,0,0,0,0,0,0,0,0,0,0,0,0,0,0,0,0
0,0,0,0,0,0,0,0,0,0,0,0,0,0,0,0,0,0,0,0
0,0,0,0,0,0,0,0,0,0,0,0,0,0,0,0,0,0,0,0
0,0,0,0,0,0,0,0,0,0,0,0,0,0,0,0,0,0,0,0
0,0,0,0,0,0,0,0,0,0,0,0,0,0,0,0,0,0,0,0
0,0,0,0,0,0,0,0,0,0,0,40,0,0,0,0,66,0,0,78
7,0,0,0,0,0,0,0,0,0,0,52,0,0,0,0,71,0,77,79
6,4,10,0,0,0,0,33,0,41,0,48,56,58,60,63,68,0,75,73
1,3,5,9,13,28,0,36,20,47,23,27,57,54,39,61,45,69,72,80
8,11,15,24,19,14,26,18,35,22,38,42,51,49,53,59,64,67,74,76
2,12,16,17,21,25,29,30,31,32,34,37,43,44,46,50,55,62,65,70
0,0,0,0,0,0,0,0,0,0,0,0,0,0,0,0,0,0,0,0
0,0,0,0,0,0,0,0,0,0,0,0,0,0,0,0,0,0,0,0
0,0,0,0,0,0,0,0,0,0,0,0,0,0,0,0,0,0,0,0
0,0,0,0,0,0,0,0,0,0,0,0,0,0,0,0,0,0,0,0
0,0,0,0,0,0,0,0,0,0,0,0,0,0,0,0,0,0,0,0
0,0,0,0,0,0,0,0,0,0,0,0,0,0,0,0,0,0,0,0
0,0,0,0,0,0,0,0,0,0,0,0,0,0,0,0,0,0,0,0
0,0,0,0,0,0,0,0,0,0,0,0,0,0,0,0,0,0,0,0
0,0,0,0,0,0,0,0,0,0,0,0,0,0,0,0,0,0,0,0
0,0,0,0,0,0,0,0,10,0,0,0,0,78,41,0,0,0,0,0
0,40,0,0,0,0,7,0,71,58,0,0,0,75,26,0,0,0,0,0
24,63,0,72,52,1,6,39,5,27,77,0,36,48,60,0,0,61,0,0
35,42,79,38,23,53,57,49,68,74,20,0,4,64,11,33,14,73,0,19
16,55,67,2,15,21,28,31,8,62,25,0,17,29,70,59,46,45,32,12
30,43,54,3,56,50,22,13,80,9,65,34,69,51,76,47,18,44,66,37
0,0,0,0,0,0,0,0,0,0,0,0,0,0,0,0,0,0,0,0
0,0,0,0,0,0,0,0,0,0,0,0,0,0,0,0,0,0,0,0
0,0,0,0,0,0,0,0,0,0,0,0,0,0,0,0,0,0,0,0
0,0,0,0,0,0,0,0,0,0,0,0,0,0,0,0,0,0,0,0
0,0,0,0,0,0,0,0,0,0,0,0,0,0,0,0,0,0,0,0
0,0,0,0,0,0,0,0,0,0,0,0,0,0,0,0,0,0,0,0
0,0,0,0,0,0,0,0,0,0,0,0,0,0,0,0,0,0,0,0
0,0,0,0,0,0,0,0,0,0,0,0,0,0,0,0,0,0,0,0
0,0,0,0,0,0,0,0,0,0,0,0,0,0,0,0,0,0,0,0
7,0,0,0,0,0,0,0,0,0,0,40,0,0,0,0,71,0,0,0
6,0,10,0,0,0,0,0,0,0,0,52,0,0,60,0,68,0,77,78
1,4,5,0,0,28,0,0,20,0,0,48,0,0,39,63,45,0,75,79
8,11,15,24,19,14,26,33,35,41,23,27,0,58,53,61,64,67,72,73
2,12,16,17,21,25,29,36,31,32,38,42,57,49,46,59,55,62,74,70
3,9,13,18,22,30,34,37,43,44,47,50,51,54,56,65,66,69,76,80
