2012-03-04
0,0,0,0,0,0,0,0,0,0,0,0,0,0,0,0,0,0,0,0
0,0,0,0,0,0,0,0,0,0,0,0,0,0,0,0,0,0,0,0
0,0,0,0,0,0,0,0,0,0,0,0,0,0,0,0,0,0,0,0
0,0,0,0,0,0,0,0,0,0,0,0,0,0,0,0,0,0,0,0
0,0,0,0,0,0,0,0,0,0,0,0,0,0,0,0,0,0,0,0
0,0,0,0,0,0,0,0,0,0,0,0,0,0,0,0,0,0,0,0
0,0,0,0,0,0,0,0,0,0,0,0,0,0,0,0,0,0,0,0
0,0,0,0,0,0,0,0,0,0,0,0,0,0,0,0,0,0,0,0
0,0,0,0,0,0,0,0,0,0,0,0,0,0,0,0,0,0,0,0
0,0,0,0,0,0,0,0,0,0,0,70,57,0,0,0,0,0,0,0
0,0,0,0,0,0,0,0,50,68,21,5,72,48,0,0,0,0,1,0
11,0,0,34,0,0,0,74,59,14,36,9,60,39,8,0,28,0,15,29
73,77,38,2,0,65,18,40,61,19,76,56,42,23,53,16,7,0,79,75
41,62,30,25,66,80,35,64,71,54,47,4,33,3,58,63,69,55,67,6
12,24,26,44,13,17,78,43,49,45,10,22,37,51,52,20,46,31,27,32
0,0,0,0,0,0,0,0,0,0,0,0,0,0,0,0,0,0,0,0
0,0,0,0,0,0,0,0,0,0,0,0,0,0,0,0,0,0,0,0
0,0,0,0,0,0,0,0,0,0,0,0,0,0,0,0,0,0,0,0
0,0,0,0,0,0,0,0,0,0,0,0,0,0,0,0,0,0,0,0
0,0,0,0,0,0,0,0,0,0,0,0,0,0,0,0,0,0,0,0
0,0,0,0,0,0,0,0,0,0,0,0,0,0,0,0,0,0,0,0
0,0,0,0,0,0,0,0,0,0,0,0,0,0,0,0,0,0,0,0
0,0,0,0,0,0,0,0,0,0,0,0,0,0,0,0,0,0,0,0
0,0,0,0,0,0,0,0,0,0,0,0,0,0,0,0,0,0,0,0
0,0,16,0,0,0,0,0,0,0,36,0,0,0,0,65,0,0,0,0
1,11,8,0,0,0,0,21,0,0,48,57,0,0,0,68,0,0,77,0
2,5,15,0,0,0,0,28,0,0,60,50,0,0,59,74,70,73,72,0
9,14,7,18,23,25,29,34,38,39,53,42,0,0,56,61,62,76,75,79
3,4,6,19,30,33,41,35,47,40,54,55,58,63,64,66,67,69,71,80
10,12,13,17,20,22,24,26,27,31,32,37,43,44,45,46,49,51,52,78
0,0,0,0,0,0,0,0,0,0,0,0,0,0,0,0,0,0,0,0
0,0,0,0,0,0,0,0,0,0,0,0,0,0,0,0,0,0,0,0
0,0,0,0,0,0,0,0,0,0,0,0,0,0,0,0,0,0,0,0
0,0,0,0,0,0,0,0,0,0,0,0,0,0,0,0,0,0,0,0
0,0,0,0,0,0,0,0,0,0,0,0,0,0,0,0,0,0,0,0
0,0,0,0,0,0,0,0,0,0,0,0,0,0,0,0,0,0,0,0
0,0,0,0,0,0,0,0,0,0,0,0,0,0,0,0,0,0,0,0
0,0,0,0,0,0,0,0,0,0,0,0,0,0,0,0,0,0,0,0
0,0,0,0,0,0,0,0,0,0,0,0,0,0,0,0,0,0,0,0
0,0,0,0,0,0,0,0,0,0,0,0,0,48,0,0,0,0,0,0
0,0,0,0,0,0,0,74,0,68,21,70,0,39,0,0,0,0,0,29
11,77,0,34,0,65,0,40,50,14,76,9,57,23,53,16,28,0,15,75
41,62,30,2,0,80,0,64,59,19,47,56,60,3,58,63,7,0,79,6
12,24,26,25,13,17,78,43,71,54,10,4,33,51,52,20,46,31,27,32
37,22,8,72,55,45,73,44,42,35,38,18,1,67,49,36,61,69,5,66
0,0,0,0,0,0,0,0,0,0,0,0,0,0,0,0,0,0,0,0
0,0,0,0,0,0,0,0,0,0,0,0,0,0,0,0,0,0,0,0
0,0,0,0,0,0,0,0,0,0,0,0,0,0,0,0,0,0,0,0
0,0,0,0,0,0,0,0,0,0,0,0,0,0,0,0,0,0,0,0
0,0,0,0,0,0,0,0,0,0,0,0,0,0,0,0,0,0,0,0
0,0,0,0,0,0,0,0,0,0,0,0,0,0,0,0,0,0,0,0
0,0,0,0,0,0,0,0,0,0,0,0,0,0,0,0,0,0,0,0
0,0,0,0,0,0,0,0,0,0,0,0,0,0,0,0,0,0,0,0
0,0,0,0,0,0,0,0,0,0,0,0,0,0,0,0,0,0,0,0
0,0,16,0,0,0,0,0,0,0,48,0,0,0,0,0,0,0,0,0
2,11,15,0,0,0,0,21,0,0,60,0,0,0,0,65,0,0,77,0
9,14,7,0,23,0,29,28,0,39,53,0,0,0,59,68,0,0,75,79
3,4,6,19,30,25,41,34,47,40,54,57,58,0,56,74,70,76,71,80
10,12,13,17,20,33,24,26,27,31,32,50,43,63,64,46,62,51,52,78
1,5,8,18,22,35,36,37,38,42,44,45,49,55,61,66,67,69,72,73
