2012-04-18
0,0,0,0,0,0,0,0,0,0,0,0,0,0,0,0,0,0,0,0
0,0,0,0,0,0,0,0,0,0,0,0,0,0,0,0,0,0,0,0
0,0,0,0,0,0,0,0,0,0,0,0,0,0,0,0,0,0,0,0
0,0,0,0,0,0,0,0,0,0,0,0,0,0,0,0,0,0,0,0
0,0,0,0,0,0,0,0,0,0,0,0,0,0,0,0,0,0,0,0
0,0,0,0,0,0,0,0,0,0,0,0,0,0,0,0,0,0,0,0
0,0,0,0,0,0,0,0,0,0,0,0,0,0,0,0,0,0,0,0
0,0,0,0,0,0,0,0,0,0,0,0,0,0,0,0,0,0,0,0
0,0,0,0,0,0,0,0,0,0,0,80,0,0,0,0,0,0,0,0
0,0,0,0,0,0,0,0,77,0,0,49,0,0,0,0,0,0,0,0
0,0,32,0,63,0,0,0,61,0,0,20,0,48,10,0,0,46,42,0
14,73,45,0,70,0,0,17,40,52,0,54,0,28,62,0,68,66,44,0
74,39,7,59,1,0,0,71,30,23,76,21,16,47,51,0,25,3,67,36
37,8,6,79,5,0,12,64,57,9,29,69,43,27,60,53,19,33,56,58
24,13,55,65,11,18,35,22,72,34,38,78,15,31,41,4,2,75,26,50
0,0,0,0,0,0,0,0,0,0,0,0,0,0,0,0,0,0,0,0
0,0,0,0,0,0,0,0,0,0,0,0,0,0,0,0,0,0,0,0
0,0,0,0,0,0,0,0,0,0,0,0,0,0,0,0,0,0,0,0
0,0,0,0,0,0,0,0,0,0,0,0,0,0,0,0,0,0,0,0
0,0,0,0,0,0,0,0,0,0,0,0,0,0,0,0,0,0,0,0
0,0,0,0,0,0,0,0,0,0,0,0,0,0,0,0,0,0,0,0
0,0,0,0,0,0,0,0,0,0,0,0,0,0,0,0,0,0,0,0
0,0,0,0,0,0,0,0,0,0,0,0,0,0,0,0,0,0,0,0
0,0,0,0,0,0,0,0,0,0,0,0,0,0,0,0,0,77,0,0
0,0,0,0,20,0,0,0,0,0,0,0,0,0,0,0,0,63,0,0
0,0,0,0,14,0,0,0,0,0,54,0,45,61,0,0,0,73,0,0
0,7,0,0,21,16,17,0,32,42,39,49,59,62,0,0,68,70,0,80
1,3,12,10,23,25,28,36,48,40,52,44,51,53,66,67,69,71,0,76
5,8,9,6,19,30,27,29,46,33,47,37,43,56,57,58,60,64,74,79
2,4,11,13,15,18,22,24,26,31,34,35,38,41,50,55,65,72,75,78
0,0,0,0,0,0,0,0,0,0,0,0,0,0,0,0,0,0,0,0
0,0,0,0,0,0,0,0,0,0,0,0,0,0,0,0,0,0,0,0
0,0,0,0,0,0,0,0,0,0,0,0,0,0,0,0,0,0,0,0
0,0,0,0,0,0,0,0,0,0,0,0,0,0,0,0,0,0,0,0
0,0,0,0,0,0,0,0,0,0,0,0,0,0,0,0,0,0,0,0
0,0,0,0,0,0,0,0,0,0,0,0,0,0,0,0,0,0,0,0
0,0,0,0,0,0,0,0,0,0,0,0,0,0,0,0,0,0,0,0
0,0,0,0,0,0,0,0,0,0,0,0,0,0,0,0,0,0,0,0
0,0,0,0,0,0,0,0,0,0,0,0,0,0,0,0,0,0,0,0
0,0,32,0,0,0,0,0,0,0,0,80,0,48,0,0,0,0,0,0
0,0,45,0,63,0,0,0,0,0,0,49,0,28,62,0,0,46,0,0
14,73,7,0,70,0,0,17,61,52,76,20,0,47,51,0,25,66,42,0
74,8,6,59,1,0,0,64,40,9,29,21,43,27,60,53,19,3,44,0
37,13,55,79,11,18,35,22,30,34,38,69,15,31,41,4,2,33,26,58
23,68,12,39,65,75,50,78,56,36,67,24,57,5,72,54,16,71,77,10
0,0,0,0,0,0,0,0,0,0,0,0,0,0,0,0,0,0,0,0
0,0,0,0,0,0,0,0,0,0,0,0,0,0,0,0,0,0,0,0
0,0,0,0,0,0,0,0,0,0,0,0,0,0,0,0,0,0,0,0
0,0,0,0,0,0,0,0,0,0,0,0,0,0,0,0,0,0,0,0
0,0,0,0,0,0,0,0,0,0,0,0,0,0,0,0,0,0,0,0
0,0,0,0,0,0,0,0,0,0,0,0,0,0,0,0,0,0,0,0
0,0,0,0,0,0,0,0,0,0,0,0,0,0,0,0,0,0,0,0
0,0,0,0,0,0,0,0,0,0,0,0,0,0,0,0,0,0,0,0
0,0,0,0,0,0,0,0,0,0,0,0,0,0,0,0,0,0,0,0
0,0,0,0,20,0,0,0,0,0,0,0,45,0,0,0,0,0,0,0
0,7,0,0,14,0,17,0,32,42,0,49,59,61,0,0,0,63,0,0
0,3,0,0,21,25,28,0,48,40,52,44,51,62,0,0,0,73,0,80
1,8,9,6,19,30,27,0,46,33,47,37,43,53,0,58,69,70,0,76
2,4,11,13,15,18,22,29,26,31,34,35,38,41,66,55,60,64,74,79
5,10,12,16,23,24,36,39,50,54,56,57,65,67,68,71,72,75,77,78
