2012-06-05
0,0,0,0,0,0,0,0,0,0,0,0,0,0,0,0,0,0,0,0
0,0,0,0,0,0,0,0,0,0,0,0,0,0,0,0,0,0,0,0
0,0,0,0,0,0,0,0,0,0,0,0,0,0,0,0,0,0,0,0
0,0,0,0,0,0,0,0,0,0,0,0,0,0,0,0,0,0,0,0
0,0,0,0,0,0,0,0,0,0,0,0,0,0,0,0,0,0,0,0
0,0,0,0,0,0,0,0,0,0,0,0,0,0,0,0,0,0,0,0
0,0,0,0,0,0,0,0,0,0,0,0,0,0,0,0,0,0,0,0
0,0,0,0,0,0,0,0,0,0,0,0,0,0,17,0,0,0,0,0
0,0,0,0,0,0,0,0,0,0,0,0,0,0,49,0,0,0,0,0
0,0,0,0,0,0,0,0,0,0,0,0,28,0,43,0,0,0,0,0
0,0,0,34,0,0,42,0,0,80,0,0,66,0,65,0,0,61,0,0
0,0,0,1,0,26,36,40,38,53,41,0,25,10,62,0,55,23,37,72
0,35,0,79,33,45,14,60,47,20,78,0,21,31,30,0,50,11,5,19
56,54,27,18,67,77,74,2,64,24,63,6,32,9,16,76,73,4,59,71
13,51,69,8,70,46,68,57,12,7,48,52,29,22,39,3,44,75,15,58
0,0,0,0,0,0,0,0,0,0,0,0,0,0,0,0,0,0,0,0
0,0,0,0,0,0,0,0,0,0,0,0,0,0,0,0,0,0,0,0
0,0,0,0,0,0,0,0,0,0,0,0,0,0,0,0,0,0,0,0
0,0,0,0,0,0,0,0,0,0,0,0,0,0,0,0,0,0,0,0
0,0,0,0,0,0,0,0,0,0,0,0,0,0,0,0,0,0,0,0
0,0,0,0,0,0,0,0,0,0,0,0,0,0,0,0,0,0,0,0
0,0,0,0,0,0,0,0,0,0,0,0,0,0,0,0,0,0,0,0
0,0,0,0,0,0,0,0,0,0,0,0,0,0,0,0,0,0,0,0
0,0,0,0,0,0,0,0,28,0,0,49,0,0,0,0,0,0,0,0
0,0,0,0,0,0,0,23,37,0,0,38,0,43,0,0,0,0,0,0
0,0,6,0,0,0,0,42,34,41,0,61,0,62,0,0,0,0,0,80
0,0,5,0,17,0,19,30,25,47,0,53,40,55,0,0,0,0,0,76
1,0,14,0,10,21,26,31,36,33,35,50,54,56,60,66,65,0,72,79
2,11,4,16,20,9,18,24,27,32,45,59,63,64,67,71,73,74,78,77
3,7,8,12,13,15,22,29,39,44,46,48,51,52,57,58,68,69,70,75
0,0,0,0,0,0,0,0,0,0,0,0,0,0,0,0,0,0,0,0
0,0,0,0,0,0,0,0,0,0,0,0,0,0,0,0,0,0,0,0
0,0,0,0,0,0,0,0,0,0,0,0,0,0,0,0,0,0,0,0
0,0,0,0,0,0,0,0,0,0,0,0,0,0,0,0,0,0,0,0
0,0,0,0,0,0,0,0,0,0,0,0,0,0,0,0,0,0,0,0
0,0,0,0,0,0,0,0,0,0,0,0,0,0,0,0,0,0,0,0
0,0,0,0,0,0,0,0,0,0,0,0,0,0,17,0,0,0,0,0
0,0,0,0,0,0,0,0,0,0,0,0,0,0,49,0,0,0,0,0
0,0,0,0,0,0,0,0,0,0,0,0,0,0,43,0,0,0,0,0
0,0,0,0,0,0,42,0,0,80,0,0,0,0,65,0,0,61,0,0
0,0,0,0,0,0,36,0,0,53,0,0,0,0,62,0,0,23,0,0
0,35,0,1,0,45,14,40,0,20,0,0,21,31,30,0,0,11,0,72
56,54,27,18,33,77,74,60,38,24,63,0,32,9,16,0,50,4,5,19
13,51,69,8,67,46,68,57,12,7,48,6,29,22,39,3,44,75,59,58
10,41,55,78,76,25,79,37,70,15,64,2,73,34,71,52,26,66,47,28
0,0,0,0,0,0,0,0,0,0,0,0,0,0,0,0,0,0,0,0
0,0,0,0,0,0,0,0,0,0,0,0,0,0,0,0,0,0,0,0
0,0,0,0,0,0,0,0,0,0,0,0,0,0,0,0,0,0,0,0
0,0,0,0,0,0,0,0,0,0,0,0,0,0,0,0,0,0,0,0
0,0,0,0,0,0,0,0,0,0,0,0,0,0,0,0,0,0,0,0
0,0,0,0,0,0,0,0,0,0,0,0,0,0,0,0,0,0,0,0
0,0,0,0,0,0,0,0,0,0,0,0,0,0,0,0,0,0,0,0
0,0,0,0,0,0,0,0,0,0,0,49,0,0,0,0,0,0,0,0
0,0,0,0,0,0,0,23,0,0,0,38,0,0,0,0,0,0,0,0
0,0,6,0,0,0,0,42,0,0,0,61,0,0,0,0,0,0,0,0
0,0,5,0,0,0,0,30,0,0,0,53,40,0,0,0,0,0,0,0
0,0,14,0,17,0,19,31,36,33,35,50,54,43,60,0,0,0,0,80
1,11,4,16,20,21,18,24,27,32,45,59,63,62,67,0,65,74,0,77
3,7,8,12,13,9,22,29,39,44,46,48,51,56,57,58,68,69,72,75
2,10,15,25,26,28,34,37,41,47,52,55,64,66,70,71,73,76,78,79
