2012-06-08
0,0,0,0,0,0,0,0,0,0,0,0,0,0,0,0,0,0,0,0
0,0,0,0,0,0,0,0,0,0,0,0,0,0,0,0,0,0,0,0
0,0,0,0,0,0,0,0,0,0,0,0,0,0,0,0,0,0,0,0
0,0,0,0,0,0,0,0,0,0,0,0,0,0,0,0,0,0,0,0
0,0,0,0,0,0,0,0,0,0,0,0,0,0,0,0,0,0,0,0
0,0,0,0,0,0,0,0,0,0,0,0,0,0,0,0,0,0,0,0
0,0,0,0,0,0,0,0,0,0,0,0,0,0,0,0,0,0,0,0
0,0,0,0,0,0,0,0,0,0,0,0,0,0,0,0,0,0,0,0
0,0,0,0,0,0,0,0,0,80,0,0,0,0,0,0,0,0,0,0
0,35,0,0,0,0,0,0,0,53,0,0,0,31,0,0,0,0,0,0
0,54,0,0,0,0,42,0,0,20,0,0,21,9,0,0,0,23,0,0
56,51,0,0,33,77,36,40,0,24,48,0,29,22,43,0,0,11,5,0
13,41,27,0,67,25,14,60,38,7,64,6,73,34,16,3,0,4,59,0
10,68,55,1,63,52,79,37,12,66,78,71,17,19,70,39,28,75,47,65
15,46,50,57,76,69,18,8,61,62,45,49,30,72,32,44,26,74,58,2
0,0,0,0,0,0,0,0,0,0,0,0,0,0,0,0,0,0,0,0
0,0,0,0,0,0,0,0,0,0,0,0,0,0,0,0,0,0,0,0
0,0,0,0,0,0,0,0,0,0,0,0,0,0,0,0,0,0,0,0
0,0,0,0,0,0,0,0,0,0,0,0,0,0,0,0,0,0,0,0
0,0,0,0,0,0,0,0,0,0,0,0,0,0,0,0,0,0,0,0
0,0,0,0,0,0,0,0,0,0,0,0,0,0,0,0,0,0,0,0
0,0,0,0,0,0,0,0,0,0,0,0,0,0,0,0,0,0,0,0
0,0,0,0,0,0,0,0,0,0,0,0,0,0,0,0,0,0,0,0
0,0,0,0,0,0,0,23,0,0,0,38,0,0,0,0,0,0,0,0
0,0,6,0,0,0,0,42,0,0,0,53,40,0,0,0,0,0,0,80
0,0,5,16,0,0,0,31,0,0,0,59,54,0,0,0,0,0,0,77
0,11,14,12,0,21,22,24,36,33,0,48,51,43,60,0,0,0,0,75
1,7,4,25,20,9,34,29,27,47,0,55,64,56,67,0,73,0,0,79
3,10,17,19,13,28,39,37,41,52,35,63,65,66,68,70,71,0,0,78
2,8,15,18,26,30,32,44,45,46,49,50,57,58,61,62,69,72,74,76
0,0,0,0,0,0,0,0,0,0,0,0,0,0,0,0,0,0,0,0
0,0,0,0,0,0,0,0,0,0,0,0,0,0,0,0,0,0,0,0
0,0,0,0,0,0,0,0,0,0,0,0,0,0,0,0,0,0,0,0
0,0,0,0,0,0,0,0,0,0,0,0,0,0,0,0,0,0,0,0
0,0,0,0,0,0,0,0,0,0,0,0,0,0,0,0,0,0,0,0
0,0,0,0,0,0,0,0,0,0,0,0,0,0,0,0,0,0,0,0
0,0,0,0,0,0,0,0,0,0,0,0,0,0,0,0,0,0,0,0
0,0,0,0,0,0,0,0,0,0,0,0,0,0,0,0,0,0,0,0
0,0,0,0,0,0,0,0,0,80,0,0,0,0,0,0,0,0,0,0
0,0,0,0,0,0,0,0,0,53,0,0,0,0,0,0,0,23,0,0
56,0,0,0,0,77,42,0,0,24,48,0,29,0,0,0,0,11,5,0
13,51,0,0,0,25,36,0,38,7,64,0,73,31,43,0,0,4,59,0
10,41,27,1,0,52,79,37,12,66,78,6,17,22,70,3,28,75,47,0
15,46,55,57,63,69,18,8,61,62,45,49,30,72,32,39,26,74,58,0
67,76,16,2,34,14,54,35,50,19,65,33,44,40,60,68,9,21,71,20
0,0,0,0,0,0,0,0,0,0,0,0,0,0,0,0,0,0,0,0
0,0,0,0,0,0,0,0,0,0,0,0,0,0,0,0,0,0,0,0
0,0,0,0,0,0,0,0,0,0,0,0,0,0,0,0,0,0,0,0
0,0,0,0,0,0,0,0,0,0,0,0,0,0,0,0,0,0,0,0
0,0,0,0,0,0,0,0,0,0,0,0,0,0,0,0,0,0,0,0
0,0,0,0,0,0,0,0,0,0,0,0,0,0,0,0,0,0,0,0
0,0,0,0,0,0,0,0,0,0,0,0,0,0,0,0,0,0,0,0
0,0,0,0,0,0,0,0,0,0,0,0,0,0,0,0,0,0,0,0
0,0,0,0,0,0,0,23,0,0,0,38,0,0,0,0,0,0,0,0
0,0,6,0,0,0,0,42,0,0,0,53,0,0,0,0,0,0,0,80
0,11,5,0,0,0,0,31,36,0,0,59,0,43,0,0,0,0,0,77
0,7,4,12,0,0,22,24,27,47,0,48,51,56,0,0,0,0,0,75
1,10,17,25,13,28,39,29,41,52,0,55,64,66,0,70,73,0,0,79
3,8,15,18,26,30,32,37,45,46,49,63,57,58,61,62,69,72,74,78
2,9,14,16,19,20,21,33,34,35,40,44,50,54,60,65,67,68,71,76
