2002-05-24
0,0,0,0,0,0,0,0,0,0,0,0,0,0,0,0,0,0,0,0
0,0,0,0,0,0,0,0,0,0,0,0,0,0,0,0,0,0,0,0
0,0,0,0,0,0,0,0,0,0,0,0,0,0,0,0,0,0,0,0
0,0,0,0,0,0,0,0,0,0,0,0,0,0,0,0,0,0,0,0
0,0,0,0,0,0,0,0,0,0,0,0,0,0,0,0,0,0,0,0
0,0,0,0,0,0,0,0,0,0,0,0,0,0,0,0,0,0,0,0
0,0,0,0,0,0,0,0,0,0,0,0,0,0,0,0,0,0,0,0
0,0,0,0,0,0,0,0,0,0,0,0,0,0,0,0,0,0,0,0
0,0,0,0,0,0,0,0,0,0,0,0,0,0,0,0,0,0,0,0
0,0,0,0,18,0,0,0,0,0,0,36,60,0,0,0,0,0,0,0
0,76,0,0,38,0,0,0,0,0,68,1,71,0,0,0,0,0,72,75
44,67,74,62,26,0,56,40,0,0,31,65,16,0,0,0,41,0,49,73
78,35,21,77,34,22,2,47,39,0,54,14,17,0,33,12,51,0,5,64
27,32,13,79,57,52,28,19,43,25,42,50,8,24,9,70,29,23,80,45
55,3,10,59,48,7,46,30,37,11,53,58,66,6,15,69,63,4,20,61
0,0,0,0,0,0,0,0,0,0,0,0,0,0,0,0,0,0,0,0
0,0,0,0,0,0,0,0,0,0,0,0,0,0,0,0,0,0,0,0
0,0,0,0,0,0,0,0,0,0,0,0,0,0,0,0,0,0,0,0
0,0,0,0,0,0,0,0,0,0,0,0,0,0,0,0,0,0,0,0
0,0,0,0,0,0,0,0,0,0,0,0,0,0,0,0,0,0,0,0
0,0,0,0,0,0,0,0,0,0,0,0,0,0,0,0,0,0,0,0
0,0,0,0,0,0,0,0,0,0,0,0,0,0,0,0,0,0,0,0
0,0,0,0,0,0,0,0,0,0,0,0,0,0,0,0,0,0,0,0
0,0,0,0,0,0,0,0,0,0,44,0,0,0,0,0,0,0,0,0
0,0,0,0,0,0,24,31,0,0,40,0,0,0,0,0,0,76,0,0
0,0,0,0,0,0,33,26,0,0,36,49,56,0,68,0,0,71,78,0
0,0,0,18,0,16,21,35,38,0,47,41,62,0,67,0,0,65,75,74
1,0,12,14,9,17,27,22,25,0,39,34,51,0,54,0,60,64,73,77
2,5,8,13,19,23,28,29,32,0,42,43,45,52,50,72,57,70,79,80
3,4,6,7,10,11,15,20,30,37,46,48,53,55,58,59,61,63,66,69
0,0,0,0,0,0,0,0,0,0,0,0,0,0,0,0,0,0,0,0
0,0,0,0,0,0,0,0,0,0,0,0,0,0,0,0,0,0,0,0
0,0,0,0,0,0,0,0,0,0,0,0,0,0,0,0,0,0,0,0
0,0,0,0,0,0,0,0,0,0,0,0,0,0,0,0,0,0,0,0
0,0,0,0,0,0,0,0,0,0,0,0,0,0,0,0,0,0,0,0
0,0,0,0,0,0,0,0,0,0,0,0,0,0,0,0,0,0,0,0
0,0,0,0,0,0,0,0,0,0,0,0,0,0,0,0,0,0,0,0
0,0,0,0,0,0,0,0,0,0,0,0,0,0,0,0,0,0,0,0
0,0,0,0,0,0,0,0,0,0,0,0,0,0,0,0,0,0,0,0
0,0,0,0,18,0,0,0,0,0,0,36,0,0,0,0,0,0,0,0
44,0,74,0,26,0,56,0,0,0,0,65,71,0,0,0,41,0,0,0
78,0,21,0,34,22,2,40,39,0,54,14,16,0,0,0,51,0,49,75
27,76,13,77,57,52,28,47,43,0,42,50,8,24,9,12,29,0,80,45
55,67,10,79,48,7,46,19,37,11,53,58,66,6,15,70,63,23,20,61
32,68,33,30,35,5,1,60,72,3,73,31,64,25,62,38,17,59,69,4
0,0,0,0,0,0,0,0,0,0,0,0,0,0,0,0,0,0,0,0
0,0,0,0,0,0,0,0,0,0,0,0,0,0,0,0,0,0,0,0
0,0,0,0,0,0,0,0,0,0,0,0,0,0,0,0,0,0,0,0
0,0,0,0,0,0,0,0,0,0,0,0,0,0,0,0,0,0,0,0
0,0,0,0,0,0,0,0,0,0,0,0,0,0,0,0,0,0,0,0
0,0,0,0,0,0,0,0,0,0,0,0,0,0,0,0,0,0,0,0
0,0,0,0,0,0,0,0,0,0,0,0,0,0,0,0,0,0,0,0
0,0,0,0,0,0,0,0,0,0,44,0,0,0,0,0,0,0,0,0
0,0,0,0,0,0,0,0,0,0,40,0,0,0,0,0,0,0,0,0
0,0,0,0,0,0,24,0,0,0,36,49,0,0,0,0,0,76,0,0
0,0,0,18,0,0,21,26,0,0,47,41,56,0,67,0,0,71,78,0
0,0,12,14,9,16,27,22,0,0,39,34,51,0,54,0,0,65,75,74
0,0,8,13,19,23,28,29,0,0,42,43,45,52,50,0,57,70,79,77
2,0,6,7,10,11,15,20,0,37,46,48,53,55,58,0,61,63,66,80
1,3,4,5,17,25,30,31,32,33,35,38,59,60,62,64,68,69,72,73
