2012-06-30
0,0,0,0,0,0,0,0,0,0,0,0,0,0,0,0,0,0,0,0
0,0,0,0,0,0,0,0,0,0,0,0,0,0,0,0,0,0,0,0
0,0,0,0,0,0,0,0,0,0,0,0,0,0,0,0,0,0,0,0
0,0,0,0,0,0,0,0,0,0,0,0,0,0,0,0,0,0,0,0
0,0,0,0,0,0,0,0,0,0,0,0,0,0,0,0,0,0,0,0
0,0,0,0,0,0,0,0,0,0,0,0,0,0,0,0,0,0,0,0
0,0,0,0,0,0,0,0,0,0,0,0,0,0,0,0,0,0,0,0
0,0,0,0,0,0,0,0,0,0,0,0,0,0,0,0,0,0,0,0
0,0,0,0,0,0,0,0,0,0,0,0,0,0,0,0,0,0,0,0
0,0,0,0,0,0,0,0,0,0,0,0,0,0,0,0,0,0,0,0
13,52,0,0,0,0,0,0,0,0,0,69,0,0,0,0,0,0,0,0
65,47,12,17,3,14,6,0,56,20,4,68,0,78,37,40,41,51,0,27
80,79,33,42,58,29,1,31,46,77,45,76,54,64,32,74,11,26,5,38
25,67,61,43,62,71,70,10,48,66,2,49,21,24,75,55,30,15,9,60
36,34,35,44,22,72,28,73,23,39,50,59,18,53,63,8,57,7,19,16
0,0,0,0,0,0,0,0,0,0,0,0,0,0,0,0,0,0,0,0
0,0,0,0,0,0,0,0,0,0,0,0,0,0,0,0,0,0,0,0
0,0,0,0,0,0,0,0,0,0,0,0,0,0,0,0,0,0,0,0
0,0,0,0,0,0,0,0,0,0,0,0,0,0,0,0,0,0,0,0
0,0,0,0,0,0,0,0,0,0,0,0,0,0,0,0,0,0,0,0
0,0,0,0,0,0,0,0,0,0,0,0,0,0,0,0,0,0,0,0
0,0,0,0,0,0,0,0,0,0,0,0,0,0,0,0,0,0,0,0
0,0,0,0,0,0,0,0,0,0,0,0,0,0,0,0,0,0,0,0
0,0,0,0,0,0,0,0,0,0,0,0,0,0,0,0,0,0,0,0
6,0,0,0,0,0,0,0,0,0,0,0,58,0,0,0,0,0,0,0
5,0,0,0,0,0,0,20,0,0,0,40,52,0,0,0,0,0,0,0
4,3,0,17,0,0,32,42,27,37,47,56,65,0,0,62,69,68,0,78
1,9,13,21,14,12,29,31,45,41,43,46,61,51,54,75,76,77,79,80
2,11,10,15,26,33,24,25,30,38,48,49,55,64,74,60,66,67,70,71
7,8,16,18,19,22,23,28,34,35,36,39,44,50,53,57,59,63,72,73
0,0,0,0,0,0,0,0,0,0,0,0,0,0,0,0,0,0,0,0
0,0,0,0,0,0,0,0,0,0,0,0,0,0,0,0,0,0,0,0
0,0,0,0,0,0,0,0,0,0,0,0,0,0,0,0,0,0,0,0
0,0,0,0,0,0,0,0,0,0,0,0,0,0,0,0,0,0,0,0
0,0,0,0,0,0,0,0,0,0,0,0,0,0,0,0,0,0,0,0
0,0,0,0,0,0,0,0,0,0,0,0,0,0,0,0,0,0,0,0
0,0,0,0,0,0,0,0,0,0,0,0,0,0,0,0,0,0,0,0
0,0,0,0,0,0,0,0,0,0,0,0,0,0,0,0,0,0,0,0
0,0,0,0,0,0,0,0,0,0,0,0,0,0,0,0,0,0,0,0
0,52,0,0,0,0,0,0,0,0,0,0,0,0,0,0,0,0,0,0
13,47,12,0,0,0,0,0,0,0,0,0,0,0,37,40,41,51,0,27
65,79,33,17,0,29,6,0,56,20,0,0,0,0,32,74,11,26,0,38
80,67,61,43,58,71,1,10,46,77,45,68,54,78,75,55,30,15,0,60
36,34,35,44,22,72,28,73,48,39,50,76,21,64,63,8,57,7,0,16
59,14,31,2,3,42,25,23,70,62,66,4,69,53,5,18,49,24,9,19
0,0,0,0,0,0,0,0,0,0,0,0,0,0,0,0,0,0,0,0
0,0,0,0,0,0,0,0,0,0,0,0,0,0,0,0,0,0,0,0
0,0,0,0,0,0,0,0,0,0,0,0,0,0,0,0,0,0,0,0
0,0,0,0,0,0,0,0,0,0,0,0,0,0,0,0,0,0,0,0
0,0,0,0,0,0,0,0,0,0,0,0,0,0,0,0,0,0,0,0
0,0,0,0,0,0,0,0,0,0,0,0,0,0,0,0,0,0,0,0
0,0,0,0,0,0,0,0,0,0,0,0,0,0,0,0,0,0,0,0
0,0,0,0,0,0,0,0,0,0,0,0,0,0,0,0,0,0,0,0
0,0,0,0,0,0,0,0,0,0,0,0,58,0,0,0,0,0,0,0
0,0,0,0,0,0,0,0,0,0,0,0,52,0,0,0,0,0,0,0
0,0,0,0,0,0,0,0,27,37,47,40,65,0,0,0,0,68,0,78
6,0,13,17,0,12,0,0,45,41,43,56,61,51,0,75,0,77,0,80
1,11,10,21,0,33,32,20,30,38,48,46,55,64,54,60,0,67,79,71
7,8,16,15,26,22,29,28,34,35,36,39,44,50,74,57,76,63,72,73
2,3,4,5,9,14,18,19,23,24,25,31,42,49,53,59,62,66,69,70
