2012-07-06
0,0,0,0,0,0,0,0,0,0,0,0,0,0,0,0,0,0,0,0
0,0,0,0,0,0,0,0,0,0,0,0,0,0,0,0,0,0,0,0
0,0,0,0,0,0,0,0,0,0,0,0,0,0,0,0,0,0,0,0
0,0,0,0,0,0,0,0,0,0,0,0,0,0,0,0,0,0,0,0
0,0,0,0,0,0,0,0,0,0,0,0,0,0,0,0,0,0,0,0
0,0,0,0,0,0,0,0,0,0,0,0,0,0,0,0,0,0,0,0
0,0,0,0,0,0,0,0,0,0,0,0,0,0,0,0,0,0,0,0
0,0,0,0,0,0,0,0,0,0,0,0,0,0,0,0,0,0,0,0
0,0,0,0,0,0,0,0,0,0,0,0,0,0,0,0,0,0,0,0
0,34,0,0,0,0,6,0,0,0,0,0,0,0,0,74,0,0,0,0
0,24,0,43,0,0,1,0,0,0,0,0,0,0,19,55,30,0,0,38
0,51,0,44,22,42,37,0,0,0,0,67,21,36,28,8,49,0,0,39
80,11,5,60,3,68,52,0,70,77,45,20,62,46,56,48,72,54,66,4
64,14,78,16,32,40,10,0,25,50,75,9,23,17,31,26,76,59,15,13
12,33,2,63,47,35,29,79,57,53,41,61,27,58,65,18,71,69,73,7
0,0,0,0,0,0,0,0,0,0,0,0,0,0,0,0,0,0,0,0
0,0,0,0,0,0,0,0,0,0,0,0,0,0,0,0,0,0,0,0
0,0,0,0,0,0,0,0,0,0,0,0,0,0,0,0,0,0,0,0
0,0,0,0,0,0,0,0,0,0,0,0,0,0,0,0,0,0,0,0
0,0,0,0,0,0,0,0,0,0,0,0,0,0,0,0,0,0,0,0
0,0,0,0,0,0,0,0,0,0,0,0,0,0,0,0,0,0,0,0
0,0,0,0,0,0,0,0,0,0,0,0,0,0,0,0,0,0,0,0
0,0,0,0,0,0,0,0,0,0,0,0,0,0,0,0,0,0,0,0
0,0,0,0,0,0,0,0,0,0,0,0,0,0,0,0,0,0,0,0
0,0,0,0,0,0,0,0,45,0,43,0,0,0,0,0,0,0,0,0
0,8,0,21,0,0,24,0,30,38,32,36,55,0,74,0,0,77,0,0
6,3,0,19,0,22,28,0,34,51,60,62,44,49,66,0,0,70,0,0
1,5,0,11,0,20,26,39,48,46,50,52,42,54,56,0,0,72,0,80
4,9,10,13,14,15,16,17,23,25,31,40,37,59,64,67,68,75,76,78
2,7,12,18,27,29,33,35,41,47,53,57,58,61,63,65,69,71,73,79
0,0,0,0,0,0,0,0,0,0,0,0,0,0,0,0,0,0,0,0
0,0,0,0,0,0,0,0,0,0,0,0,0,0,0,0,0,0,0,0
0,0,0,0,0,0,0,0,0,0,0,0,0,0,0,0,0,0,0,0
0,0,0,0,0,0,0,0,0,0,0,0,0,0,0,0,0,0,0,0
0,0,0,0,0,0,0,0,0,0,0,0,0,0,0,0,0,0,0,0
0,0,0,0,0,0,0,0,0,0,0,0,0,0,0,0,0,0,0,0
0,0,0,0,0,0,0,0,0,0,0,0,0,0,0,0,0,0,0,0
0,0,0,0,0,0,0,0,0,0,0,0,0,0,0,0,0,0,0,0
0,34,0,0,0,0,0,0,0,0,0,0,0,0,0,0,0,0,0,0
0,24,0,43,0,0,6,0,0,0,0,0,0,0,0,0,0,0,0,0
0,51,0,44,0,42,37,0,0,0,0,0,0,0,0,0,0,0,0,0
0,11,0,60,0,68,52,0,70,77,45,67,21,36,19,74,30,54,0,4
64,14,5,16,0,40,10,0,25,50,75,20,62,46,56,8,49,59,0,13
12,33,2,63,47,35,29,79,57,53,41,9,27,58,31,18,76,69,73,7
23,80,32,26,55,61,1,65,72,3,38,71,17,48,22,39,78,66,15,28
0,0,0,0,0,0,0,0,0,0,0,0,0,0,0,0,0,0,0,0
0,0,0,0,0,0,0,0,0,0,0,0,0,0,0,0,0,0,0,0
0,0,0,0,0,0,0,0,0,0,0,0,0,0,0,0,0,0,0,0
0,0,0,0,0,0,0,0,0,0,0,0,0,0,0,0,0,0,0,0
0,0,0,0,0,0,0,0,0,0,0,0,0,0,0,0,0,0,0,0
0,0,0,0,0,0,0,0,0,0,0,0,0,0,0,0,0,0,0,0
0,0,0,0,0,0,0,0,0,0,0,0,0,0,0,0,0,0,0,0
0,0,0,0,0,0,0,0,0,0,0,0,0,0,0,0,0,0,0,0
0,0,0,0,0,0,0,0,0,0,0,0,0,0,0,0,0,0,0,0
0,0,0,21,0,0,0,0,0,0,43,36,0,0,0,0,0,0,0,0
0,8,0,19,0,0,0,0,45,51,60,62,44,0,74,0,0,0,0,0
6,5,0,11,0,0,24,0,30,46,50,52,42,49,56,0,0,77,0,0
4,9,10,13,14,20,16,0,34,25,31,40,37,54,64,0,68,70,76,0
2,7,12,18,27,29,33,35,41,47,53,57,58,59,63,67,69,75,73,79
1,3,15,17,22,23,26,28,32,38,39,48,55,61,65,66,71,72,78,80
