2012-08-29
0,0,0,0,0,0,0,0,0,0,0,0,0,0,0,0,0,0,0,0
0,0,0,0,0,0,0,0,0,0,0,0,0,0,0,0,0,0,0,0
0,0,0,0,0,0,0,0,0,0,0,0,0,0,0,0,0,0,0,0
0,0,0,0,0,0,0,0,0,0,0,0,0,0,0,0,0,0,0,0
0,0,0,0,0,0,0,0,0,0,0,0,0,0,0,0,0,0,0,0
0,0,0,0,0,0,0,0,0,0,0,0,0,0,0,0,0,0,0,0
0,0,0,0,0,0,0,0,0,0,0,0,0,0,0,0,0,0,0,0
0,0,0,0,0,0,0,0,0,0,0,0,0,0,0,0,0,0,0,0
0,0,0,0,0,0,0,0,0,0,0,0,0,0,0,0,0,0,0,0
0,0,0,0,0,0,0,0,0,0,0,0,13,0,0,0,0,0,74,0
0,59,0,52,0,0,0,38,0,0,20,0,65,0,0,0,0,6,51,0
0,9,11,61,12,0,0,67,42,7,77,0,64,80,0,0,0,54,34,0
63,29,75,1,18,44,49,40,26,33,43,32,4,31,0,47,23,30,58,41
8,48,22,79,72,73,27,46,50,19,55,62,76,37,39,69,56,10,53,78
24,60,17,16,57,2,21,66,36,15,71,25,70,14,35,45,68,5,3,28
0,0,0,0,0,0,0,0,0,0,0,0,0,0,0,0,0,0,0,0
0,0,0,0,0,0,0,0,0,0,0,0,0,0,0,0,0,0,0,0
0,0,0,0,0,0,0,0,0,0,0,0,0,0,0,0,0,0,0,0
0,0,0,0,0,0,0,0,0,0,0,0,0,0,0,0,0,0,0,0
0,0,0,0,0,0,0,0,0,0,0,0,0,0,0,0,0,0,0,0
0,0,0,0,0,0,0,0,0,0,0,0,0,0,0,0,0,0,0,0
0,0,0,0,0,0,0,0,0,0,0,0,0,0,0,0,0,0,0,0
0,0,0,0,0,0,0,0,0,0,0,0,0,0,0,0,0,0,0,0
0,0,0,0,0,0,0,0,0,0,0,0,0,0,0,0,0,0,0,0
0,0,0,0,0,0,32,0,0,0,0,0,52,0,0,0,0,0,0,0
6,0,13,20,0,0,41,0,0,59,0,0,61,0,0,0,0,0,72,0
9,0,4,18,0,0,29,42,51,38,0,0,44,65,64,0,0,75,77,80
7,0,22,11,0,12,30,31,33,34,40,43,47,49,54,67,74,58,63,78
1,8,10,23,19,26,27,37,39,46,48,50,53,55,56,62,69,73,76,79
2,3,5,14,15,16,17,21,24,25,28,35,36,45,57,60,66,68,70,71
0,0,0,0,0,0,0,0,0,0,0,0,0,0,0,0,0,0,0,0
0,0,0,0,0,0,0,0,0,0,0,0,0,0,0,0,0,0,0,0
0,0,0,0,0,0,0,0,0,0,0,0,0,0,0,0,0,0,0,0
0,0,0,0,0,0,0,0,0,0,0,0,0,0,0,0,0,0,0,0
0,0,0,0,0,0,0,0,0,0,0,0,0,0,0,0,0,0,0,0
0,0,0,0,0,0,0,0,0,0,0,0,0,0,0,0,0,0,0,0
0,0,0,0,0,0,0,0,0,0,0,0,0,0,0,0,0,0,0,0
0,0,0,0,0,0,0,0,0,0,0,0,0,0,0,0,0,0,0,0
0,0,0,0,0,0,0,0,0,0,0,0,0,0,0,0,0,0,0,0
0,0,0,0,0,0,0,0,0,0,20,0,0,0,0,0,0,0,0,0
0,59,11,52,0,0,0,0,42,0,77,0,65,80,0,0,0,0,74,0
63,9,75,61,0,0,0,0,26,33,43,32,64,31,0,47,23,6,58,0
8,48,22,79,0,0,49,67,50,19,55,62,4,37,0,69,56,54,53,41
24,60,17,16,12,73,21,66,36,15,71,25,70,14,39,45,68,30,3,28
40,38,5,76,51,46,44,57,2,34,18,27,7,78,13,35,10,29,72,1
0,0,0,0,0,0,0,0,0,0,0,0,0,0,0,0,0,0,0,0
0,0,0,0,0,0,0,0,0,0,0,0,0,0,0,0,0,0,0,0
0,0,0,0,0,0,0,0,0,0,0,0,0,0,0,0,0,0,0,0
0,0,0,0,0,0,0,0,0,0,0,0,0,0,0,0,0,0,0,0
0,0,0,0,0,0,0,0,0,0,0,0,0,0,0,0,0,0,0,0
0,0,0,0,0,0,0,0,0,0,0,0,0,0,0,0,0,0,0,0
0,0,0,0,0,0,0,0,0,0,0,0,0,0,0,0,0,0,0,0
0,0,0,0,0,0,0,0,0,0,0,0,0,0,0,0,0,0,0,0
0,0,0,0,0,0,0,0,0,0,0,0,0,0,0,0,0,0,0,0
0,0,0,0,0,0,0,0,0,0,0,0,52,0,0,0,0,0,0,0
0,0,0,20,0,0,32,42,0,0,0,0,61,65,0,0,0,75,0,0
0,0,0,11,0,12,41,31,33,0,0,0,47,49,64,67,74,58,77,80
6,8,4,23,19,26,30,37,39,59,48,43,53,55,54,62,69,73,63,79
9,3,22,14,15,16,17,21,24,25,28,50,36,45,56,60,66,68,70,71
1,2,5,7,10,13,18,27,29,34,35,38,40,44,46,51,57,72,76,78
