2012-11-05
0,0,0,0,0,0,0,0,0,0,0,0,0,0,0,0,0,0,0,0
0,0,0,0,0,0,0,0,0,0,0,0,0,0,0,0,0,0,0,0
0,0,0,0,0,0,0,0,0,0,0,0,0,0,0,0,0,0,0,0
0,0,0,0,0,0,0,0,0,0,0,0,0,0,0,0,0,0,0,0
0,0,0,0,0,0,0,0,0,0,0,0,0,0,0,0,0,0,0,0
0,0,0,0,0,0,0,0,0,0,0,0,0,0,0,0,0,0,0,0
0,0,0,0,0,0,0,0,0,0,0,0,0,0,0,0,0,0,0,0
0,0,0,0,0,0,0,0,0,0,0,0,0,0,0,0,0,0,0,0
0,0,0,0,0,0,0,0,0,0,0,0,0,0,0,18,0,0,0,33
0,0,0,0,26,0,0,0,0,0,0,0,0,0,0,80,0,0,0,57
0,0,0,0,14,0,0,0,0,50,62,73,48,0,39,77,69,0,0,41
7,0,0,0,11,0,51,0,0,31,6,42,60,3,16,36,38,0,0,23
32,0,0,76,67,43,13,0,28,79,49,40,47,75,45,8,10,0,0,46
71,61,0,20,5,34,74,19,30,52,78,53,70,55,21,25,65,64,63,17
66,56,2,58,54,68,12,24,59,29,44,4,15,35,9,1,72,22,27,37
0,0,0,0,0,0,0,0,0,0,0,0,0,0,0,0,0,0,0,0
0,0,0,0,0,0,0,0,0,0,0,0,0,0,0,0,0,0,0,0
0,0,0,0,0,0,0,0,0,0,0,0,0,0,0,0,0,0,0,0
0,0,0,0,0,0,0,0,0,0,0,0,0,0,0,0,0,0,0,0
0,0,0,0,0,0,0,0,0,0,0,0,0,0,0,0,0,0,0,0
0,0,0,0,0,0,0,0,0,0,0,0,0,0,0,0,0,0,0,0
0,0,0,0,0,0,0,0,0,0,0,0,0,0,0,0,0,0,0,0
0,0,0,0,0,0,0,0,0,0,0,0,0,0,0,0,0,0,0,0
0,0,0,0,0,0,0,0,0,0,0,0,0,0,0,0,0,0,0,0
0,0,0,0,0,0,0,0,0,0,0,0,0,0,0,0,0,0,0,0
0,7,0,0,18,0,0,0,43,31,0,38,39,51,50,0,0,62,0,80
0,10,0,13,16,0,28,0,32,36,0,60,41,42,57,0,73,74,0,77
0,6,8,14,11,33,23,0,45,40,26,49,48,65,69,0,64,67,75,79
3,5,17,19,21,20,25,30,34,46,47,52,53,55,63,61,70,71,76,78
1,2,4,9,12,15,22,24,27,29,35,37,44,54,56,58,59,66,68,72
0,0,0,0,0,0,0,0,0,0,0,0,0,0,0,0,0,0,0,0
0,0,0,0,0,0,0,0,0,0,0,0,0,0,0,0,0,0,0,0
0,0,0,0,0,0,0,0,0,0,0,0,0,0,0,0,0,0,0,0
0,0,0,0,0,0,0,0,0,0,0,0,0,0,0,0,0,0,0,0
0,0,0,0,0,0,0,0,0,0,0,0,0,0,0,0,0,0,0,0
0,0,0,0,0,0,0,0,0,0,0,0,0,0,0,0,0,0,0,0
0,0,0,0,0,0,0,0,0,0,0,0,0,0,0,0,0,0,0,0
0,0,0,0,0,0,0,0,0,0,0,0,0,0,0,0,0,0,0,0
0,0,0,0,0,0,0,0,0,0,0,0,0,0,0,0,0,0,0,0
0,0,0,0,26,0,0,0,0,0,0,0,0,0,39,0,69,0,0,0
0,0,0,0,14,0,0,0,0,50,0,73,48,3,16,0,38,0,0,41
0,0,0,76,67,43,13,0,0,79,62,40,60,75,45,80,10,0,0,46
71,61,0,20,5,34,74,0,0,52,49,53,70,55,21,8,65,64,0,17
66,56,2,58,54,68,12,19,28,29,44,4,15,35,9,25,72,22,63,37
51,6,18,31,42,11,77,7,1,59,24,33,27,78,36,32,47,57,30,23
0,0,0,0,0,0,0,0,0,0,0,0,0,0,0,0,0,0,0,0
0,0,0,0,0,0,0,0,0,0,0,0,0,0,0,0,0,0,0,0
0,0,0,0,0,0,0,0,0,0,0,0,0,0,0,0,0,0,0,0
0,0,0,0,0,0,0,0,0,0,0,0,0,0,0,0,0,0,0,0
0,0,0,0,0,0,0,0,0,0,0,0,0,0,0,0,0,0,0,0
0,0,0,0,0,0,0,0,0,0,0,0,0,0,0,0,0,0,0,0
0,0,0,0,0,0,0,0,0,0,0,0,0,0,0,0,0,0,0,0
0,0,0,0,0,0,0,0,0,0,0,0,0,0,0,0,0,0,0,0
0,0,0,0,0,0,0,0,0,0,0,0,0,0,0,0,0,0,0,0
0,0,0,0,0,0,0,0,0,0,0,38,39,0,0,0,0,62,0,0
0,0,0,13,0,0,0,0,0,0,0,60,41,0,50,0,0,74,0,0
0,10,8,14,16,0,28,0,43,40,0,49,48,65,69,0,73,67,75,80
0,5,17,19,21,20,25,0,45,46,26,52,53,55,63,61,64,71,76,79
3,2,4,9,12,15,22,0,34,29,35,37,44,54,56,58,70,66,68,72
1,6,7,11,18,23,24,27,30,31,32,33,36,42,47,51,57,59,77,78
