2012-11-17
0,0,0,0,0,0,0,0,0,0,0,0,0,0,0,0,0,0,0,0
0,0,0,0,0,0,0,0,0,0,0,0,0,0,0,0,0,0,0,0
0,0,0,0,0,0,0,0,0,0,0,0,0,0,0,0,0,0,0,0
0,0,0,0,0,0,0,0,0,0,0,0,0,0,0,0,0,0,0,0
0,0,0,0,0,0,0,0,0,0,0,0,0,0,0,0,0,0,0,0
0,0,0,0,0,0,0,0,0,0,0,0,0,0,0,0,0,0,0,0
0,0,0,0,0,0,0,0,0,0,0,0,0,0,0,0,0,0,0,0
0,0,0,0,0,0,0,0,0,0,0,0,0,0,0,0,0,0,0,0
0,0,2,0,0,0,13,0,0,0,0,0,0,0,0,0,0,0,0,0
78,0,77,0,0,0,24,0,0,0,0,0,0,0,0,0,0,0,0,0
46,80,32,0,0,0,23,0,0,0,59,0,0,0,0,0,0,0,0,0
35,40,44,9,0,0,28,0,0,49,61,43,29,36,0,12,53,0,0,41
72,19,45,4,16,0,67,0,66,25,74,69,18,79,47,76,11,0,26,52
58,54,21,20,31,8,73,37,71,22,5,3,60,39,51,27,65,42,14,68
33,70,75,48,57,63,6,64,15,17,55,50,30,62,34,7,38,56,10,1
0,0,0,0,0,0,0,0,0,0,0,0,0,0,0,0,0,0,0,0
0,0,0,0,0,0,0,0,0,0,0,0,0,0,0,0,0,0,0,0
0,0,0,0,0,0,0,0,0,0,0,0,0,0,0,0,0,0,0,0
0,0,0,0,0,0,0,0,0,0,0,0,0,0,0,0,0,0,0,0
0,0,0,0,0,0,0,0,0,0,0,0,0,0,0,0,0,0,0,0
0,0,0,0,0,0,0,0,0,0,0,0,0,0,0,0,0,0,0,0
0,0,0,0,0,0,0,0,0,0,0,0,0,0,0,0,0,0,0,0
0,0,0,0,0,0,0,0,0,0,0,0,0,0,0,0,0,0,0,0
0,0,0,0,0,0,0,0,0,0,0,0,0,0,0,0,0,0,0,0
0,0,0,0,26,0,0,0,36,0,0,0,0,0,0,0,66,0,0,0
0,2,0,0,29,24,23,0,40,0,0,47,0,0,0,0,67,77,78,0
0,9,0,0,11,28,19,43,44,0,39,49,0,0,0,0,61,65,76,0
0,4,8,13,16,32,18,25,35,42,45,41,51,0,59,0,72,73,74,80
3,5,12,14,20,21,27,22,31,46,37,52,54,53,69,58,60,68,71,79
1,6,7,10,15,17,30,33,34,38,48,50,55,56,57,62,63,64,70,75
0,0,0,0,0,0,0,0,0,0,0,0,0,0,0,0,0,0,0,0
0,0,0,0,0,0,0,0,0,0,0,0,0,0,0,0,0,0,0,0
0,0,0,0,0,0,0,0,0,0,0,0,0,0,0,0,0,0,0,0
0,0,0,0,0,0,0,0,0,0,0,0,0,0,0,0,0,0,0,0
0,0,0,0,0,0,0,0,0,0,0,0,0,0,0,0,0,0,0,0
0,0,0,0,0,0,0,0,0,0,0,0,0,0,0,0,0,0,0,0
0,0,0,0,0,0,0,0,0,0,0,0,0,0,0,0,0,0,0,0
0,0,0,0,0,0,0,0,0,0,0,0,0,0,0,0,0,0,0,0
0,0,0,0,0,0,13,0,0,0,0,0,0,0,0,0,0,0,0,0
78,80,0,0,0,0,24,0,0,0,0,0,0,0,0,0,0,0,0,0
46,40,0,9,0,0,23,0,0,0,59,0,29,0,0,12,0,0,0,0
72,19,0,4,0,0,67,0,0,49,61,43,18,36,47,76,0,0,26,0
58,54,32,20,16,0,73,37,66,25,74,69,60,79,51,27,65,42,14,0
33,70,44,48,57,63,6,64,71,17,5,3,30,39,34,7,38,56,10,0
62,31,1,8,77,75,55,41,53,28,52,2,68,45,11,22,21,35,15,50
0,0,0,0,0,0,0,0,0,0,0,0,0,0,0,0,0,0,0,0
0,0,0,0,0,0,0,0,0,0,0,0,0,0,0,0,0,0,0,0
0,0,0,0,0,0,0,0,0,0,0,0,0,0,0,0,0,0,0,0
0,0,0,0,0,0,0,0,0,0,0,0,0,0,0,0,0,0,0,0
0,0,0,0,0,0,0,0,0,0,0,0,0,0,0,0,0,0,0,0
0,0,0,0,0,0,0,0,0,0,0,0,0,0,0,0,0,0,0,0
0,0,0,0,0,0,0,0,0,0,0,0,0,0,0,0,0,0,0,0
0,0,0,0,0,0,0,0,0,0,0,0,0,0,0,0,0,0,0,0
0,0,0,0,0,0,0,0,0,0,0,0,0,0,0,0,66,0,0,0
0,0,0,0,0,0,23,0,0,0,0,0,0,0,0,0,67,0,78,0
0,9,0,0,26,0,19,0,36,0,0,0,0,0,0,0,61,0,76,0
0,4,0,13,29,24,18,43,40,42,39,0,0,0,59,0,72,65,74,0
0,5,12,14,16,32,27,25,44,46,37,47,51,0,69,0,60,73,71,80
3,6,7,10,20,17,30,33,34,38,48,49,54,56,57,58,63,64,70,79
1,2,8,11,15,21,22,28,31,35,41,45,50,52,53,55,62,68,75,77
