2012-12-08
0,0,0,0,0,0,0,0,0,0,0,0,0,0,0,0,0,0,0,0
0,0,0,0,0,0,0,0,0,0,0,0,0,0,0,0,0,0,0,0
0,0,0,0,0,0,0,0,0,0,0,0,0,0,0,0,0,0,0,0
0,0,0,0,0,0,0,0,0,0,0,0,0,0,0,0,0,0,0,0
0,0,0,0,0,0,0,0,0,0,0,0,0,0,0,0,0,0,0,0
0,0,0,0,0,0,0,0,0,0,0,0,0,0,0,0,0,0,0,0
0,0,0,0,0,0,0,0,0,0,0,0,0,0,0,0,0,0,0,0
0,0,0,0,0,0,0,0,0,0,0,0,0,0,0,0,0,0,0,0
0,0,0,0,0,0,68,0,0,0,0,0,0,0,0,0,0,0,0,0
0,0,0,0,0,0,53,0,0,0,0,61,0,0,0,0,0,0,0,0
67,0,0,0,0,0,29,0,0,0,0,17,36,0,0,0,0,0,55,39
30,0,0,2,0,0,35,0,0,32,59,47,20,0,76,73,0,0,11,41
58,56,80,13,50,43,77,64,27,3,65,52,79,62,5,57,48,44,42,9
74,60,40,14,45,16,1,31,75,28,10,24,15,51,38,34,70,23,37,66
63,71,19,33,7,49,69,21,26,54,25,22,8,4,18,72,78,6,46,12
0,0,0,0,0,0,0,0,0,0,0,0,0,0,0,0,0,0,0,0
0,0,0,0,0,0,0,0,0,0,0,0,0,0,0,0,0,0,0,0
0,0,0,0,0,0,0,0,0,0,0,0,0,0,0,0,0,0,0,0
0,0,0,0,0,0,0,0,0,0,0,0,0,0,0,0,0,0,0,0
0,0,0,0,0,0,0,0,0,0,0,0,0,0,0,0,0,0,0,0
0,0,0,0,0,0,0,0,0,0,0,0,0,0,0,0,0,0,0,0
0,0,0,0,0,0,0,0,0,0,0,0,0,0,0,0,0,0,0,0
0,0,0,0,0,0,0,0,0,0,0,0,0,0,0,0,0,0,0,0
0,0,0,0,0,0,0,0,0,0,0,0,0,0,0,0,67,0,0,0
0,0,0,0,0,0,0,0,0,0,0,0,53,50,0,0,62,0,0,0
0,0,0,0,32,0,0,0,0,0,30,0,40,41,0,55,51,0,0,80
2,3,0,0,20,0,0,0,0,27,56,39,47,48,43,61,70,0,0,73
5,13,0,9,16,0,17,35,29,44,45,36,59,52,64,58,65,68,76,79
1,10,11,14,15,0,23,24,42,28,31,34,37,38,57,60,66,77,74,75
4,6,7,8,12,18,19,21,22,25,26,33,46,49,54,63,69,71,72,78
0,0,0,0,0,0,0,0,0,0,0,0,0,0,0,0,0,0,0,0
0,0,0,0,0,0,0,0,0,0,0,0,0,0,0,0,0,0,0,0
0,0,0,0,0,0,0,0,0,0,0,0,0,0,0,0,0,0,0,0
0,0,0,0,0,0,0,0,0,0,0,0,0,0,0,0,0,0,0,0
0,0,0,0,0,0,0,0,0,0,0,0,0,0,0,0,0,0,0,0
0,0,0,0,0,0,0,0,0,0,0,0,0,0,0,0,0,0,0,0
0,0,0,0,0,0,0,0,0,0,0,0,0,0,0,0,0,0,0,0
0,0,0,0,0,0,0,0,0,0,0,0,0,0,0,0,0,0,0,0
0,0,0,0,0,0,68,0,0,0,0,0,0,0,0,0,0,0,0,0
67,0,0,0,0,0,29,0,0,0,0,0,36,0,0,0,0,0,0,0
30,0,0,2,0,0,35,0,0,0,0,17,20,0,0,0,0,0,0,41
58,0,80,13,50,43,77,0,0,0,59,47,79,0,76,73,0,44,0,9
74,60,40,14,45,16,1,0,0,32,65,52,15,62,5,57,0,23,42,66
63,71,19,33,7,49,69,21,26,3,25,24,8,51,38,72,70,6,46,12
18,22,4,27,64,61,11,39,34,56,28,55,10,48,75,37,31,54,78,53
0,0,0,0,0,0,0,0,0,0,0,0,0,0,0,0,0,0,0,0
0,0,0,0,0,0,0,0,0,0,0,0,0,0,0,0,0,0,0,0
0,0,0,0,0,0,0,0,0,0,0,0,0,0,0,0,0,0,0,0
0,0,0,0,0,0,0,0,0,0,0,0,0,0,0,0,0,0,0,0
0,0,0,0,0,0,0,0,0,0,0,0,0,0,0,0,0,0,0,0
0,0,0,0,0,0,0,0,0,0,0,0,0,0,0,0,0,0,0,0
0,0,0,0,0,0,0,0,0,0,0,0,0,0,0,0,0,0,0,0
0,0,0,0,0,0,0,0,0,0,0,0,0,0,0,0,67,0,0,0
0,0,0,0,0,0,0,0,0,0,0,0,0,0,0,0,62,0,0,0
0,0,0,0,32,0,0,0,0,0,0,0,0,50,0,0,51,0,0,0
0,0,0,0,20,0,0,0,0,0,0,0,40,41,0,0,70,0,0,0
2,3,0,9,16,0,17,35,0,0,30,0,47,52,0,58,65,68,76,80
5,13,0,14,15,0,23,24,29,44,45,36,59,38,43,60,66,77,74,73
1,6,7,8,12,0,19,21,42,25,26,33,46,49,57,63,69,71,72,79
4,10,11,18,22,27,28,31,34,37,39,48,53,54,55,56,61,64,75,78
