2013-01-24
0,0,0,0,0,0,0,0,0,0,0,0,0,0,0,0,0,0,0,0
0,0,0,0,0,0,0,0,0,0,0,0,0,0,0,0,0,0,0,0
0,0,0,0,0,0,0,0,0,0,0,0,0,0,0,0,0,0,0,0
0,0,0,0,0,0,0,0,0,0,0,0,0,0,0,0,0,0,0,0
0,0,0,0,0,0,0,0,0,0,0,0,0,0,0,0,0,0,0,0
0,0,0,0,0,0,0,0,0,0,0,0,0,0,0,0,0,0,0,0
0,0,0,0,0,0,0,0,0,0,0,0,0,0,0,0,0,0,0,0
0,0,0,0,0,0,0,0,0,0,0,0,0,0,0,0,0,0,0,0
0,0,0,0,0,0,0,0,0,0,0,0,0,0,0,0,35,0,0,0
0,0,0,0,0,0,0,12,0,0,0,0,0,0,36,0,39,0,14,0
0,58,0,0,0,0,0,13,0,0,0,72,15,0,10,0,37,0,63,46
0,67,62,11,0,0,0,23,0,0,0,5,49,0,70,21,32,0,24,7
0,56,42,38,34,4,27,68,0,2,0,22,51,0,9,66,6,55,65,40
28,50,79,30,57,31,53,17,71,74,61,20,33,73,45,75,3,80,43,41
60,18,64,59,69,48,1,25,29,78,76,44,16,54,19,8,26,52,77,47
0,0,0,0,0,0,0,0,0,0,0,0,0,0,0,0,0,0,0,0
0,0,0,0,0,0,0,0,0,0,0,0,0,0,0,0,0,0,0,0
0,0,0,0,0,0,0,0,0,0,0,0,0,0,0,0,0,0,0,0
0,0,0,0,0,0,0,0,0,0,0,0,0,0,0,0,0,0,0,0
0,0,0,0,0,0,0,0,0,0,0,0,0,0,0,0,0,0,0,0
0,0,0,0,0,0,0,0,0,0,0,0,0,0,0,0,0,0,0,0
0,0,0,0,0,0,0,0,0,0,0,0,0,0,0,0,0,0,0,0
0,0,0,0,0,0,0,0,0,0,0,0,0,0,0,0,0,0,0,0
0,0,0,0,0,0,0,0,0,0,0,0,0,0,0,0,0,0,0,0
0,0,0,0,0,14,0,0,0,0,0,0,0,0,0,0,0,0,0,0
13,2,0,0,0,40,15,0,37,0,0,0,0,53,0,55,0,0,0,0
5,7,4,0,12,23,24,0,32,0,39,0,0,51,36,62,67,70,0,80
9,6,11,10,33,38,41,42,31,27,49,0,0,56,46,63,66,68,72,74
3,17,22,21,20,28,30,43,45,34,50,57,35,61,58,65,71,73,75,79
1,8,16,18,19,25,26,29,44,47,48,52,54,59,60,64,69,76,77,78
0,0,0,0,0,0,0,0,0,0,0,0,0,0,0,0,0,0,0,0
0,0,0,0,0,0,0,0,0,0,0,0,0,0,0,0,0,0,0,0
0,0,0,0,0,0,0,0,0,0,0,0,0,0,0,0,0,0,0,0
0,0,0,0,0,0,0,0,0,0,0,0,0,0,0,0,0,0,0,0
0,0,0,0,0,0,0,0,0,0,0,0,0,0,0,0,0,0,0,0
0,0,0,0,0,0,0,0,0,0,0,0,0,0,0,0,0,0,0,0
0,0,0,0,0,0,0,0,0,0,0,0,0,0,0,0,0,0,0,0
0,0,0,0,0,0,0,0,0,0,0,0,0,0,0,0,35,0,0,0
0,0,0,0,0,0,0,0,0,0,0,0,0,0,0,0,39,0,0,0
0,0,0,0,0,0,0,0,0,0,0,0,0,0,0,0,37,0,14,0
0,0,0,0,0,0,0,12,0,0,0,0,15,0,0,21,32,0,63,46
0,58,62,0,0,4,27,68,0,0,0,72,49,0,70,66,6,55,24,7
28,67,42,30,34,31,53,17,0,0,61,22,51,0,9,75,3,80,65,41
60,18,79,59,57,48,1,25,71,78,76,20,33,54,19,8,26,52,77,47
44,5,40,10,56,69,38,73,11,16,43,36,2,50,13,29,64,23,74,45
0,0,0,0,0,0,0,0,0,0,0,0,0,0,0,0,0,0,0,0
0,0,0,0,0,0,0,0,0,0,0,0,0,0,0,0,0,0,0,0
0,0,0,0,0,0,0,0,0,0,0,0,0,0,0,0,0,0,0,0
0,0,0,0,0,0,0,0,0,0,0,0,0,0,0,0,0,0,0,0
0,0,0,0,0,0,0,0,0,0,0,0,0,0,0,0,0,0,0,0
0,0,0,0,0,0,0,0,0,0,0,0,0,0,0,0,0,0,0,0
0,0,0,0,0,0,0,0,0,0,0,0,0,0,0,0,0,0,0,0
0,0,0,0,0,0,0,0,0,0,0,0,0,0,0,0,0,0,0,0
0,0,0,0,0,0,0,0,0,0,0,0,0,0,0,0,0,0,0,0
0,0,0,0,0,0,15,0,0,0,0,0,0,0,0,0,0,0,0,0
0,7,0,0,12,0,24,0,0,0,0,0,0,53,0,55,0,0,0,0
9,6,0,0,33,14,41,0,37,27,39,0,0,51,46,62,67,70,72,80
3,17,4,21,20,28,30,0,32,34,49,57,35,61,58,63,66,68,75,79
1,8,22,18,19,25,26,42,31,47,48,52,54,59,60,65,71,76,77,78
2,5,10,11,13,16,23,29,36,38,40,43,44,45,50,56,64,69,73,74
