2013-02-19
0,0,0,0,0,0,0,0,0,0,0,0,0,0,0,0,0,0,0,0
0,0,0,0,0,0,0,0,0,0,0,0,0,0,0,0,0,0,0,0
0,0,0,0,0,0,0,0,0,0,0,0,0,0,0,0,0,0,0,0
0,0,0,0,0,0,0,0,0,0,0,0,0,0,0,0,0,0,0,0
0,0,0,0,0,0,0,0,0,0,0,0,0,0,0,0,0,0,0,0
0,0,0,0,0,0,0,0,0,0,0,0,0,0,0,0,0,0,0,0
0,0,0,0,0,0,0,0,0,0,0,0,0,0,0,0,0,0,0,0
0,0,0,0,0,0,0,0,0,0,0,0,0,0,0,0,0,0,0,0
0,0,0,0,0,0,0,0,0,0,0,0,0,0,0,0,0,0,0,0
0,0,76,0,0,38,0,0,0,0,0,0,67,0,0,0,0,0,0,0
0,0,75,0,0,55,0,79,0,0,40,0,49,0,0,0,20,0,43,0
7,0,15,0,24,72,0,71,0,61,51,0,48,16,0,0,54,47,68,0
66,37,70,14,59,52,32,50,0,56,64,35,63,19,46,60,10,78,22,0
11,12,45,29,73,58,26,5,31,18,65,57,80,6,25,53,8,13,41,27
44,62,23,1,2,69,74,36,21,42,39,9,28,3,34,77,17,33,4,30
0,0,0,0,0,0,0,0,0,0,0,0,0,0,0,0,0,0,0,0
0,0,0,0,0,0,0,0,0,0,0,0,0,0,0,0,0,0,0,0
0,0,0,0,0,0,0,0,0,0,0,0,0,0,0,0,0,0,0,0
0,0,0,0,0,0,0,0,0,0,0,0,0,0,0,0,0,0,0,0
0,0,0,0,0,0,0,0,0,0,0,0,0,0,0,0,0,0,0,0
0,0,0,0,0,0,0,0,0,0,0,0,0,0,0,0,0,0,0,0
0,0,0,0,0,0,0,0,0,0,0,0,0,0,0,0,0,0,0,0
0,0,0,0,0,0,0,0,0,0,0,0,0,54,0,0,0,0,0,0
0,0,0,0,0,0,0,0,0,0,0,0,0,61,0,0,0,0,0,79
0,0,0,0,0,0,0,0,0,0,0,0,0,56,67,0,0,0,0,76
0,0,0,0,24,0,0,0,0,0,0,0,0,60,50,66,0,0,0,75
0,0,11,10,16,20,0,0,38,37,43,0,0,49,48,51,0,59,0,72
0,0,14,15,18,19,35,40,31,27,32,55,52,47,63,64,0,70,71,78
7,8,5,6,12,13,29,22,25,26,41,46,45,53,57,58,68,65,73,80
1,2,3,4,9,17,21,23,28,30,33,34,36,39,42,44,62,69,74,77
0,0,0,0,0,0,0,0,0,0,0,0,0,0,0,0,0,0,0,0
0,0,0,0,0,0,0,0,0,0,0,0,0,0,0,0,0,0,0,0
0,0,0,0,0,0,0,0,0,0,0,0,0,0,0,0,0,0,0,0
0,0,0,0,0,0,0,0,0,0,0,0,0,0,0,0,0,0,0,0
0,0,0,0,0,0,0,0,0,0,0,0,0,0,0,0,0,0,0,0
0,0,0,0,0,0,0,0,0,0,0,0,0,0,0,0,0,0,0,0
0,0,0,0,0,0,0,0,0,0,0,0,0,0,0,0,0,0,0,0
0,0,0,0,0,0,0,0,0,0,0,0,0,0,0,0,0,0,0,0
0,0,0,0,0,0,0,0,0,0,0,0,0,0,0,0,0,0,0,0
0,0,0,0,0,38,0,79,0,0,0,0,49,0,0,0,0,0,0,0
0,0,0,0,24,72,0,71,0,0,40,0,48,0,0,0,0,0,43,0
7,37,70,0,59,52,32,50,0,0,51,0,63,0,0,60,54,78,68,0
11,12,45,14,73,58,26,5,0,56,64,35,80,6,25,53,10,13,22,0
44,62,23,29,2,69,74,36,21,42,39,9,28,3,34,77,17,33,41,27
15,8,4,18,1,55,46,61,67,30,16,76,65,66,47,75,20,57,19,31
0,0,0,0,0,0,0,0,0,0,0,0,0,0,0,0,0,0,0,0
0,0,0,0,0,0,0,0,0,0,0,0,0,0,0,0,0,0,0,0
0,0,0,0,0,0,0,0,0,0,0,0,0,0,0,0,0,0,0,0
0,0,0,0,0,0,0,0,0,0,0,0,0,0,0,0,0,0,0,0
0,0,0,0,0,0,0,0,0,0,0,0,0,0,0,0,0,0,0,0
0,0,0,0,0,0,0,0,0,0,0,0,0,0,0,0,0,0,0,0
0,0,0,0,0,0,0,0,0,0,0,0,0,0,0,0,0,0,0,0
0,0,0,0,0,0,0,0,0,0,0,0,0,0,0,0,0,0,0,0
0,0,0,0,0,0,0,0,0,0,0,0,0,54,0,0,0,0,0,0
0,0,0,0,0,0,0,0,0,0,0,0,0,56,0,0,0,0,0,79
0,0,11,0,0,0,0,0,0,0,43,0,0,60,50,51,0,0,0,72
0,0,14,0,24,0,35,40,38,37,32,0,52,49,48,64,0,59,71,78
0,0,5,10,12,13,29,22,25,27,41,0,45,53,63,58,68,70,73,80
7,2,3,6,9,17,21,23,28,26,33,34,36,39,42,44,62,69,74,77
1,4,8,15,16,18,19,20,30,31,46,47,55,57,61,65,66,67,75,76
