2013-03-06
0,0,0,0,0,0,0,0,0,0,0,0,0,0,0,0,0,0,0,0
0,0,0,0,0,0,0,0,0,0,0,0,0,0,0,0,0,0,0,0
0,0,0,0,0,0,0,0,0,0,0,0,0,0,0,0,0,0,0,0
0,0,0,0,0,0,0,0,0,0,0,0,0,0,0,0,0,0,0,0
0,0,0,0,0,0,0,0,0,0,0,0,0,0,0,0,0,0,0,0
0,0,0,0,0,0,0,0,0,0,0,0,0,0,0,0,0,0,0,0
0,0,0,0,0,0,0,0,0,0,0,0,0,0,0,0,0,0,0,0
0,0,0,0,0,0,0,0,0,0,0,0,0,0,0,0,0,0,0,0
7,0,0,0,0,0,0,0,0,0,0,0,0,0,0,36,0,0,0,0
66,0,6,0,0,0,0,0,0,0,0,0,0,0,0,64,0,0,0,0
19,0,30,0,0,55,0,0,0,68,0,0,0,0,0,34,0,0,56,0
67,0,69,0,0,15,33,62,18,58,0,0,8,0,22,1,0,0,54,16
29,0,47,13,14,32,75,48,63,44,4,0,78,52,79,20,45,0,77,12
59,74,53,3,73,17,60,10,24,26,65,9,40,71,42,23,76,43,2,37
28,50,27,72,41,51,31,38,46,49,39,25,61,35,5,11,70,21,57,80
0,0,0,0,0,0,0,0,0,0,0,0,0,0,0,0,0,0,0,0
0,0,0,0,0,0,0,0,0,0,0,0,0,0,0,0,0,0,0,0
0,0,0,0,0,0,0,0,0,0,0,0,0,0,0,0,0,0,0,0
0,0,0,0,0,0,0,0,0,0,0,0,0,0,0,0,0,0,0,0
0,0,0,0,0,0,0,0,0,0,0,0,0,0,0,0,0,0,0,0
0,0,0,0,0,0,0,0,0,0,0,0,0,0,0,0,0,0,0,0
0,0,0,0,0,0,0,0,0,0,0,0,0,0,0,0,0,0,0,0
0,0,0,0,0,0,0,0,0,0,0,0,0,0,0,0,0,0,0,0
0,0,0,0,0,0,0,0,0,0,0,0,0,0,0,0,0,0,0,0
0,0,0,0,8,0,0,0,0,0,0,0,0,0,0,0,67,0,0,0
0,9,0,6,19,0,0,0,0,0,0,0,55,0,0,63,64,0,0,74
7,4,14,16,22,30,0,0,0,0,36,0,56,0,62,69,68,66,0,78
1,13,12,15,24,29,18,32,33,48,45,0,47,0,54,52,75,76,77,79
2,3,20,10,17,23,34,26,40,37,44,42,43,58,53,59,60,73,65,71
5,11,21,25,27,28,31,35,38,39,41,46,49,50,51,57,61,70,72,80
0,0,0,0,0,0,0,0,0,0,0,0,0,0,0,0,0,0,0,0
0,0,0,0,0,0,0,0,0,0,0,0,0,0,0,0,0,0,0,0
0,0,0,0,0,0,0,0,0,0,0,0,0,0,0,0,0,0,0,0
0,0,0,0,0,0,0,0,0,0,0,0,0,0,0,0,0,0,0,0
0,0,0,0,0,0,0,0,0,0,0,0,0,0,0,0,0,0,0,0
0,0,0,0,0,0,0,0,0,0,0,0,0,0,0,0,0,0,0,0
0,0,0,0,0,0,0,0,0,0,0,0,0,0,0,0,0,0,0,0
0,0,0,0,0,0,0,0,0,0,0,0,0,0,0,0,0,0,0,0
0,0,6,0,0,0,0,0,0,0,0,0,0,0,0,0,0,0,0,0
0,0,30,0,0,0,0,0,0,0,0,0,0,0,0,36,0,0,0,0
7,0,69,0,0,55,0,0,18,0,0,0,0,0,0,1,0,0,56,0
66,0,47,13,14,15,33,62,63,58,0,0,0,0,22,20,45,0,77,16
19,0,53,3,73,32,75,10,24,44,65,0,8,71,79,23,76,43,2,37
67,0,27,72,41,17,31,38,46,26,39,9,61,35,5,11,70,21,57,80
54,34,12,74,60,68,29,48,78,52,59,28,49,25,42,51,50,40,4,64
0,0,0,0,0,0,0,0,0,0,0,0,0,0,0,0,0,0,0,0
0,0,0,0,0,0,0,0,0,0,0,0,0,0,0,0,0,0,0,0
0,0,0,0,0,0,0,0,0,0,0,0,0,0,0,0,0,0,0,0
0,0,0,0,0,0,0,0,0,0,0,0,0,0,0,0,0,0,0,0
0,0,0,0,0,0,0,0,0,0,0,0,0,0,0,0,0,0,0,0
0,0,0,0,0,0,0,0,0,0,0,0,0,0,0,0,0,0,0,0
0,0,0,0,0,0,0,0,0,0,0,0,0,0,0,0,0,0,0,0
0,0,0,0,0,0,0,0,0,0,0,0,0,0,0,0,0,0,0,0
0,0,0,0,8,0,0,0,0,0,0,0,0,0,0,0,0,0,0,0
0,0,0,0,19,0,0,0,0,0,0,0,0,0,0,0,0,0,0,0
7,9,0,6,22,0,0,0,0,0,36,0,55,0,0,0,0,66,0,0
1,13,14,16,24,0,0,32,0,0,45,0,56,0,0,63,67,76,77,79
2,3,20,15,17,30,18,26,33,37,44,0,47,0,62,69,75,73,65,71
5,11,21,10,27,23,31,35,38,39,41,46,43,58,53,57,61,70,72,80
4,12,25,28,29,34,40,42,48,49,50,51,52,54,59,60,64,68,74,78
