2013-04-30
0,0,0,0,0,0,0,0,0,0,0,0,0,0,0,0,0,0,0,0
0,0,0,0,0,0,0,0,0,0,0,0,0,0,0,0,0,0,0,0
0,0,0,0,0,0,0,0,0,0,0,0,0,0,0,0,0,0,0,0
0,0,0,0,0,0,0,0,0,0,0,0,0,0,0,0,0,0,0,0
0,0,0,0,0,0,0,0,0,0,0,0,0,0,0,0,0,0,0,0
0,0,0,0,0,0,0,0,0,0,0,0,0,0,0,0,0,0,0,0
0,0,0,0,0,0,0,0,0,0,0,0,0,0,0,0,0,0,0,0
0,0,0,0,0,0,0,0,0,0,0,0,0,0,0,0,0,0,0,0
0,0,0,0,0,0,0,0,0,0,0,0,0,0,0,0,0,0,0,0
0,0,0,0,0,0,0,0,0,0,0,0,74,0,0,0,0,0,46,0
65,0,0,0,0,0,0,0,0,66,0,0,45,0,0,9,0,71,20,60
21,0,18,0,0,0,75,0,0,5,26,64,41,80,2,13,0,4,19,44
23,11,59,0,50,14,47,0,16,73,7,24,55,35,43,67,34,1,27,40
48,56,77,72,42,68,49,53,69,36,15,22,63,32,51,79,58,57,29,37
54,78,70,17,39,25,3,61,10,76,8,38,30,6,31,62,52,33,12,28
0,0,0,0,0,0,0,0,0,0,0,0,0,0,0,0,0,0,0,0
0,0,0,0,0,0,0,0,0,0,0,0,0,0,0,0,0,0,0,0
0,0,0,0,0,0,0,0,0,0,0,0,0,0,0,0,0,0,0,0
0,0,0,0,0,0,0,0,0,0,0,0,0,0,0,0,0,0,0,0
0,0,0,0,0,0,0,0,0,0,0,0,0,0,0,0,0,0,0,0
0,0,0,0,0,0,0,0,0,0,0,0,0,0,0,0,0,0,0,0
0,0,0,0,0,0,0,0,0,0,0,0,0,0,0,0,0,0,0,0
0,0,0,0,0,0,0,0,0,0,0,0,0,0,0,0,0,0,0,0
0,0,0,0,0,0,0,0,0,0,0,0,0,0,0,0,0,66,0,0
0,0,0,0,18,0,0,0,0,0,0,0,0,0,0,0,0,73,0,0
2,0,0,0,14,0,20,0,0,0,0,0,0,0,50,0,0,72,71,0
4,0,0,0,13,0,24,0,21,26,0,0,46,45,60,44,65,59,75,74
1,5,9,0,23,11,27,19,34,35,37,0,41,40,47,57,64,55,68,80
15,22,16,7,29,32,36,42,48,49,51,53,56,58,43,63,69,67,77,79
3,6,8,10,12,17,25,28,30,31,33,38,39,52,54,61,62,70,76,78
0,0,0,0,0,0,0,0,0,0,0,0,0,0,0,0,0,0,0,0
0,0,0,0,0,0,0,0,0,0,0,0,0,0,0,0,0,0,0,0
0,0,0,0,0,0,0,0,0,0,0,0,0,0,0,0,0,0,0,0
0,0,0,0,0,0,0,0,0,0,0,0,0,0,0,0,0,0,0,0
0,0,0,0,0,0,0,0,0,0,0,0,0,0,0,0,0,0,0,0
0,0,0,0,0,0,0,0,0,0,0,0,0,0,0,0,0,0,0,0
0,0,0,0,0,0,0,0,0,0,0,0,0,0,0,0,0,0,0,0
0,0,0,0,0,0,0,0,0,0,0,0,0,0,0,0,0,0,0,0
0,0,0,0,0,0,0,0,0,0,0,0,0,0,0,0,0,0,0,0
0,0,0,0,0,0,0,0,0,0,0,0,74,0,0,0,0,0,46,60
65,0,0,0,0,0,0,0,0,0,0,64,45,80,0,0,0,4,20,44
23,0,0,0,0,0,75,0,0,5,7,24,41,35,0,9,34,1,19,40
48,11,18,0,50,0,49,53,69,36,15,22,55,32,43,79,58,57,27,37
54,56,70,17,42,68,3,61,10,76,8,38,30,6,31,62,52,33,29,28
26,66,78,21,77,51,47,13,63,14,67,25,12,39,59,72,71,2,73,16
0,0,0,0,0,0,0,0,0,0,0,0,0,0,0,0,0,0,0,0
0,0,0,0,0,0,0,0,0,0,0,0,0,0,0,0,0,0,0,0
0,0,0,0,0,0,0,0,0,0,0,0,0,0,0,0,0,0,0,0
0,0,0,0,0,0,0,0,0,0,0,0,0,0,0,0,0,0,0,0
0,0,0,0,0,0,0,0,0,0,0,0,0,0,0,0,0,0,0,0
0,0,0,0,0,0,0,0,0,0,0,0,0,0,0,0,0,0,0,0
0,0,0,0,0,0,0,0,0,0,0,0,0,0,0,0,0,0,0,0
0,0,0,0,0,0,0,0,0,0,0,0,0,0,0,0,0,0,0,0
0,0,0,0,0,0,0,0,0,0,0,0,0,0,0,0,0,0,0,0
0,0,0,0,0,0,0,0,0,0,0,0,0,0,0,0,0,0,0,0
4,0,0,0,0,0,20,0,0,0,0,0,0,45,50,0,65,0,0,0
1,5,0,0,18,11,24,19,34,35,0,0,46,40,60,44,64,0,75,74
15,22,9,7,23,32,27,42,48,49,37,53,41,58,43,57,69,55,68,80
3,6,8,10,29,17,36,28,30,31,33,38,56,52,54,61,62,70,76,79
2,12,13,14,16,21,25,26,39,47,51,59,63,66,67,71,72,73,77,78
