2013-07-02
0,0,0,0,0,0,0,0,0,0,0,0,0,0,0,0,0,0,0,0
0,0,0,0,0,0,0,0,0,0,0,0,0,0,0,0,0,0,0,0
0,0,0,0,0,0,0,0,0,0,0,0,0,0,0,0,0,0,0,0
0,0,0,0,0,0,0,0,0,0,0,0,0,0,0,0,0,0,0,0
0,0,0,0,0,0,0,0,0,0,0,0,0,0,0,0,0,0,0,0
0,0,0,0,0,0,0,0,0,0,0,0,0,0,0,0,0,0,0,0
0,0,0,0,0,0,0,0,0,0,0,0,0,0,0,0,0,0,0,0
0,0,0,0,0,0,0,0,0,0,0,0,0,0,0,0,0,0,0,0
0,0,0,0,0,0,0,0,0,41,0,0,0,0,0,0,0,0,0,10
0,0,0,0,0,0,0,0,0,15,69,0,0,0,0,0,0,0,0,36
0,0,33,70,0,0,0,0,0,22,40,30,0,75,0,17,0,0,0,54
79,0,58,61,21,0,0,60,0,46,7,68,23,1,0,18,0,0,0,63
14,73,3,52,11,27,0,20,0,64,49,51,39,67,16,32,0,0,12,55
19,13,65,57,77,62,43,26,47,6,37,5,50,34,76,44,0,31,53,74
42,8,80,2,4,35,24,66,71,28,48,56,38,25,78,9,72,59,29,45
0,0,0,0,0,0,0,0,0,0,0,0,0,0,0,0,0,0,0,0
0,0,0,0,0,0,0,0,0,0,0,0,0,0,0,0,0,0,0,0
0,0,0,0,0,0,0,0,0,0,0,0,0,0,0,0,0,0,0,0
0,0,0,0,0,0,0,0,0,0,0,0,0,0,0,0,0,0,0,0
0,0,0,0,0,0,0,0,0,0,0,0,0,0,0,0,0,0,0,0
0,0,0,0,0,0,0,0,0,0,0,0,0,0,0,0,0,0,0,0
0,0,0,0,0,0,0,0,0,0,0,0,0,0,0,0,0,0,0,0
0,0,0,0,0,0,0,0,0,0,0,0,0,0,0,0,0,0,0,0
0,0,0,0,0,16,0,23,0,0,0,0,0,0,0,0,0,0,0,0
0,0,0,0,0,18,0,21,0,0,0,0,0,0,0,0,0,0,75,0
0,0,0,0,17,46,0,33,0,0,0,0,0,0,0,69,0,0,73,0
0,0,15,0,11,31,47,22,40,41,36,0,58,0,60,61,70,0,79,0
1,10,27,7,39,20,32,49,30,37,54,0,51,50,52,55,68,67,77,0
3,12,5,6,14,13,19,26,34,43,44,0,53,57,62,65,63,64,74,76
2,4,8,9,24,25,28,29,35,38,42,45,48,56,59,66,71,72,78,80
0,0,0,0,0,0,0,0,0,0,0,0,0,0,0,0,0,0,0,0
0,0,0,0,0,0,0,0,0,0,0,0,0,0,0,0,0,0,0,0
0,0,0,0,0,0,0,0,0,0,0,0,0,0,0,0,0,0,0,0
0,0,0,0,0,0,0,0,0,0,0,0,0,0,0,0,0,0,0,0
0,0,0,0,0,0,0,0,0,0,0,0,0,0,0,0,0,0,0,0
0,0,0,0,0,0,0,0,0,0,0,0,0,0,0,0,0,0,0,0
0,0,0,0,0,0,0,0,0,0,0,0,0,0,0,0,0,0,0,0
0,0,0,0,0,0,0,0,0,41,0,0,0,0,0,0,0,0,0,0
0,0,0,0,0,0,0,0,0,15,0,0,0,0,0,0,0,0,0,0
0,0,33,70,0,0,0,0,0,22,0,0,0,75,0,0,0,0,0,0
0,0,58,61,0,0,0,0,0,46,40,30,0,1,0,17,0,0,0,10
0,0,3,52,21,0,0,60,0,64,49,68,0,67,0,18,0,0,12,54
14,0,65,57,11,0,0,26,47,6,37,51,0,34,16,32,0,31,53,63
19,8,80,2,77,35,24,66,71,28,48,5,38,25,76,44,72,59,29,45
79,13,50,69,23,7,9,36,55,27,62,56,4,73,78,20,74,39,43,42
0,0,0,0,0,0,0,0,0,0,0,0,0,0,0,0,0,0,0,0
0,0,0,0,0,0,0,0,0,0,0,0,0,0,0,0,0,0,0,0
0,0,0,0,0,0,0,0,0,0,0,0,0,0,0,0,0,0,0,0
0,0,0,0,0,0,0,0,0,0,0,0,0,0,0,0,0,0,0,0
0,0,0,0,0,0,0,0,0,0,0,0,0,0,0,0,0,0,0,0
0,0,0,0,0,0,0,0,0,0,0,0,0,0,0,0,0,0,0,0
0,0,0,0,0,0,0,0,0,0,0,0,0,0,0,0,0,0,0,0
0,0,0,0,0,0,0,0,0,0,0,0,0,0,0,0,0,0,0,0
0,0,0,0,0,0,0,21,0,0,0,0,0,0,0,0,0,0,0,0
0,0,0,0,0,16,0,33,0,0,0,0,0,0,0,0,0,0,0,0
0,0,0,0,17,18,47,22,40,0,0,0,58,0,0,0,70,0,0,0
1,0,15,0,11,46,32,49,30,41,0,0,51,0,60,61,68,67,0,0
3,10,5,0,14,31,19,26,34,37,54,0,53,0,52,65,63,64,75,76
2,12,8,6,24,25,28,29,35,38,44,45,48,57,59,66,71,72,77,80
4,7,9,13,20,23,27,36,39,42,43,50,55,56,62,69,73,74,78,79
