2013-09-18
0,0,0,0,0,0,0,0,0,0,0,0,0,0,0,0,0,0,0,0
0,0,0,0,0,0,0,0,0,0,0,0,0,0,0,0,0,0,0,0
0,0,0,0,0,0,0,0,0,0,0,0,0,0,0,0,0,0,0,0
0,0,0,0,0,0,0,0,0,0,0,0,0,0,0,0,0,0,0,0
0,0,0,0,0,0,0,0,0,0,0,0,0,0,0,0,0,0,0,0
0,0,0,0,0,0,0,0,0,0,0,0,0,0,0,0,0,0,0,0
0,0,0,0,0,0,0,0,0,0,0,0,0,0,0,0,0,0,0,0
0,0,0,0,0,0,0,0,0,0,0,0,0,0,0,0,0,0,0,0
0,0,0,0,19,0,0,0,0,0,0,0,0,0,0,0,0,0,0,0
0,0,0,0,18,0,0,0,0,0,0,0,0,0,0,0,0,78,39,0
38,0,0,0,6,0,73,0,65,43,0,0,0,0,0,0,0,50,42,0
24,0,0,29,2,75,4,0,68,25,0,0,0,0,0,14,49,80,71,79
26,20,0,59,27,54,30,0,28,63,21,66,5,7,15,35,10,34,69,74
62,53,46,36,64,44,76,0,48,12,57,58,77,67,31,32,8,1,72,61
51,13,40,3,9,70,11,52,16,37,55,60,22,33,45,23,47,17,41,56
0,0,0,0,0,0,0,0,0,0,0,0,0,0,0,0,0,0,0,0
0,0,0,0,0,0,0,0,0,0,0,0,0,0,0,0,0,0,0,0
0,0,0,0,0,0,0,0,0,0,0,0,0,0,0,0,0,0,0,0
0,0,0,0,0,0,0,0,0,0,0,0,0,0,0,0,0,0,0,0
0,0,0,0,0,0,0,0,0,0,0,0,0,0,0,0,0,0,0,0
0,0,0,0,0,0,0,0,0,0,0,0,0,0,0,0,0,0,0,0
0,0,0,0,0,0,0,0,0,0,0,0,0,0,0,0,0,0,0,0
0,0,0,0,0,0,0,0,0,0,0,0,0,0,0,0,0,0,0,0
0,0,0,0,0,0,0,0,0,0,0,0,0,0,0,0,0,0,0,0
0,0,0,0,0,0,18,0,0,0,0,0,0,0,0,0,66,0,0,0
0,4,0,0,0,0,25,0,0,49,0,0,0,0,0,0,59,0,75,79
0,5,15,0,14,19,31,0,29,42,39,0,0,0,0,65,63,73,71,80
2,6,10,20,24,30,27,34,38,35,50,43,53,54,0,58,69,78,74,77
1,7,8,12,21,26,32,28,36,44,46,48,57,61,62,64,67,68,72,76
3,9,11,13,16,17,22,23,33,37,40,41,45,47,51,52,55,56,60,70
0,0,0,0,0,0,0,0,0,0,0,0,0,0,0,0,0,0,0,0
0,0,0,0,0,0,0,0,0,0,0,0,0,0,0,0,0,0,0,0
0,0,0,0,0,0,0,0,0,0,0,0,0,0,0,0,0,0,0,0
0,0,0,0,0,0,0,0,0,0,0,0,0,0,0,0,0,0,0,0
0,0,0,0,0,0,0,0,0,0,0,0,0,0,0,0,0,0,0,0
0,0,0,0,0,0,0,0,0,0,0,0,0,0,0,0,0,0,0,0
0,0,0,0,0,0,0,0,0,0,0,0,0,0,0,0,0,0,0,0
0,0,0,0,0,0,0,0,0,0,0,0,0,0,0,0,0,0,0,0
0,0,0,0,0,0,0,0,0,0,0,0,0,0,0,0,0,0,0,0
38,0,0,0,19,0,0,0,0,0,0,0,0,0,0,0,0,50,0,0
24,0,0,0,18,0,0,0,65,25,0,0,0,0,0,0,0,80,0,79
26,20,0,0,2,0,73,0,68,63,21,66,5,7,0,0,49,34,0,74
62,53,46,59,27,0,30,0,48,12,57,58,77,67,15,14,10,1,42,61
51,13,40,3,64,54,11,52,16,37,55,60,22,33,31,23,47,17,72,56
28,39,9,70,43,76,35,32,45,78,36,41,6,4,44,69,71,29,75,8
0,0,0,0,0,0,0,0,0,0,0,0,0,0,0,0,0,0,0,0
0,0,0,0,0,0,0,0,0,0,0,0,0,0,0,0,0,0,0,0
0,0,0,0,0,0,0,0,0,0,0,0,0,0,0,0,0,0,0,0
0,0,0,0,0,0,0,0,0,0,0,0,0,0,0,0,0,0,0,0
0,0,0,0,0,0,0,0,0,0,0,0,0,0,0,0,0,0,0,0
0,0,0,0,0,0,0,0,0,0,0,0,0,0,0,0,0,0,0,0
0,0,0,0,0,0,0,0,0,0,0,0,0,0,0,0,0,0,0,0
0,0,0,0,0,0,0,0,0,0,0,0,0,0,0,0,0,0,0,0
0,0,0,0,0,0,0,0,0,0,0,0,0,0,0,0,0,0,0,0
0,0,0,0,0,0,18,0,0,0,0,0,0,0,0,0,66,0,0,0
0,0,0,0,14,19,25,0,0,0,0,0,0,0,0,65,59,0,0,0
2,0,15,20,24,30,31,0,0,49,50,0,0,54,0,58,63,73,74,79
1,5,10,12,21,26,27,34,38,42,46,0,53,61,62,64,67,68,72,80
3,7,11,13,16,17,22,23,33,37,40,48,57,47,51,52,55,56,60,77
4,6,8,9,28,29,32,35,36,39,41,43,44,45,69,70,71,75,76,78
