2002-07-16
0,0,0,0,0,0,0,0,0,0,0,0,0,0,0,0,0,0,0,0
0,0,0,0,0,0,0,0,0,0,0,0,0,0,0,0,0,0,0,0
0,0,0,0,0,0,0,0,0,0,0,0,0,0,0,0,0,0,0,0
0,0,0,0,0,0,0,0,0,0,0,0,0,0,0,0,0,0,0,0
0,0,0,0,0,0,0,0,0,0,0,0,0,0,0,0,0,0,0,0
0,0,0,0,0,0,0,0,0,0,0,0,0,0,0,0,0,0,0,0
0,0,0,0,0,0,0,0,0,0,0,0,0,0,0,0,0,0,0,0
0,0,0,0,0,0,0,0,0,0,0,0,0,0,0,0,0,0,0,0
0,0,0,0,0,0,0,0,0,0,0,0,0,0,0,0,0,0,0,0
0,0,0,0,0,0,0,0,0,0,0,35,0,0,0,0,40,0,0,0
11,0,77,8,0,0,0,0,0,0,72,46,0,0,0,0,65,0,60,0
18,12,34,73,0,0,0,13,0,0,69,75,0,0,54,24,47,29,5,70
19,27,50,63,56,0,22,28,15,0,61,80,43,4,68,16,6,42,64,55
78,41,32,71,74,62,31,17,53,57,76,14,59,49,58,30,39,44,2,67
21,45,20,36,10,1,3,48,25,26,23,66,79,9,7,33,51,37,52,38
0,0,0,0,0,0,0,0,0,0,0,0,0,0,0,0,0,0,0,0
0,0,0,0,0,0,0,0,0,0,0,0,0,0,0,0,0,0,0,0
0,0,0,0,0,0,0,0,0,0,0,0,0,0,0,0,0,0,0,0
0,0,0,0,0,0,0,0,0,0,0,0,0,0,0,0,0,0,0,0
0,0,0,0,0,0,0,0,0,0,0,0,0,0,0,0,0,0,0,0
0,0,0,0,0,0,0,0,0,0,0,0,0,0,0,0,0,0,0,0
0,0,0,0,0,0,0,0,0,0,0,0,0,0,0,0,0,0,0,0
0,0,0,0,0,0,0,0,0,0,0,0,0,0,0,0,0,0,0,0
0,0,0,0,0,0,0,0,0,0,0,0,0,0,0,0,0,0,0,0
0,0,0,0,0,29,0,0,0,0,0,0,0,0,0,56,0,0,72,0
0,0,0,0,0,15,0,0,0,0,40,0,46,65,0,70,0,75,69,0
0,8,11,0,22,13,0,0,34,0,35,0,54,55,0,61,60,77,73,74
4,18,24,5,12,27,19,0,28,31,41,43,47,50,0,63,64,67,68,80
2,6,14,17,16,30,32,0,39,44,49,42,53,57,58,59,62,71,76,78
1,3,7,9,10,20,21,23,25,26,33,36,37,38,45,48,51,52,66,79
0,0,0,0,0,0,0,0,0,0,0,0,0,0,0,0,0,0,0,0
0,0,0,0,0,0,0,0,0,0,0,0,0,0,0,0,0,0,0,0
0,0,0,0,0,0,0,0,0,0,0,0,0,0,0,0,0,0,0,0
0,0,0,0,0,0,0,0,0,0,0,0,0,0,0,0,0,0,0,0
0,0,0,0,0,0,0,0,0,0,0,0,0,0,0,0,0,0,0,0
0,0,0,0,0,0,0,0,0,0,0,0,0,0,0,0,0,0,0,0
0,0,0,0,0,0,0,0,0,0,0,0,0,0,0,0,0,0,0,0
0,0,0,0,0,0,0,0,0,0,0,0,0,0,0,0,0,0,0,0
0,0,0,0,0,0,0,0,0,0,0,35,0,0,0,0,0,0,0,0
0,0,0,0,0,0,0,0,0,0,0,46,0,0,0,0,65,0,0,0
0,0,77,0,0,0,0,0,0,0,72,75,0,0,0,0,47,29,0,70
11,27,34,8,0,0,22,0,0,0,69,80,43,0,0,0,6,42,60,55
18,41,50,63,56,62,31,13,0,57,61,14,59,4,68,30,39,44,2,67
19,45,32,71,74,1,3,17,25,26,23,66,79,9,58,33,51,37,52,38
15,49,53,36,5,7,28,76,10,48,20,24,78,54,16,73,64,21,40,12
0,0,0,0,0,0,0,0,0,0,0,0,0,0,0,0,0,0,0,0
0,0,0,0,0,0,0,0,0,0,0,0,0,0,0,0,0,0,0,0
0,0,0,0,0,0,0,0,0,0,0,0,0,0,0,0,0,0,0,0
0,0,0,0,0,0,0,0,0,0,0,0,0,0,0,0,0,0,0,0
0,0,0,0,0,0,0,0,0,0,0,0,0,0,0,0,0,0,0,0
0,0,0,0,0,0,0,0,0,0,0,0,0,0,0,0,0,0,0,0
0,0,0,0,0,0,0,0,0,0,0,0,0,0,0,0,0,0,0,0
0,0,0,0,0,0,0,0,0,0,0,0,0,0,0,0,0,0,0,0
0,0,0,0,0,0,0,0,0,0,0,0,0,0,0,0,0,0,0,0
0,0,0,0,0,0,0,0,0,0,0,0,0,65,0,56,0,75,0,0
0,8,0,0,0,29,0,0,0,0,0,0,0,55,0,70,0,77,72,0
4,18,0,0,0,13,0,0,34,31,35,0,46,50,0,61,60,67,69,74
2,6,11,17,0,27,19,0,39,44,41,43,47,57,58,63,62,71,68,80
1,3,14,9,22,30,32,23,25,26,33,42,37,38,45,59,51,52,66,79
5,7,10,12,15,16,20,21,24,28,36,40,48,49,53,54,64,73,76,78
