2014-03-16
0,0,0,0,0,0,0,0,0,0,0,0,0,0,0,0,0,0,0,0
0,0,0,0,0,0,0,0,0,0,0,0,0,0,0,0,0,0,0,0
0,0,0,0,0,0,0,0,0,0,0,0,0,0,0,0,0,0,0,0
0,0,0,0,0,0,0,0,0,0,0,0,0,0,0,0,0,0,0,0
0,0,0,0,0,0,0,0,0,0,0,0,0,0,0,0,0,0,0,0
0,0,0,0,0,0,0,0,0,0,0,0,0,0,0,0,0,0,0,0
0,0,0,0,0,0,0,0,0,0,0,0,0,0,0,0,0,0,0,0
0,0,0,0,0,0,0,0,0,0,0,0,0,0,0,0,0,0,0,0
0,0,0,0,0,0,0,0,0,0,0,0,0,0,0,0,0,0,0,0
0,0,0,0,0,0,0,0,0,0,56,0,0,0,16,0,0,22,15,0
0,0,0,0,0,0,0,0,0,0,50,0,0,0,64,34,13,54,67,0
75,35,0,0,37,19,0,0,0,43,40,80,55,0,42,27,32,69,68,0
76,72,38,6,9,74,1,14,49,18,39,53,62,0,71,17,66,65,11,0
61,20,44,52,45,3,28,73,59,26,7,23,70,0,10,48,8,51,2,24
79,12,78,30,77,31,63,29,58,33,57,47,21,36,25,5,60,4,41,46
0,0,0,0,0,0,0,0,0,0,0,0,0,0,0,0,0,0,0,0
0,0,0,0,0,0,0,0,0,0,0,0,0,0,0,0,0,0,0,0
0,0,0,0,0,0,0,0,0,0,0,0,0,0,0,0,0,0,0,0
0,0,0,0,0,0,0,0,0,0,0,0,0,0,0,0,0,0,0,0
0,0,0,0,0,0,0,0,0,0,0,0,0,0,0,0,0,0,0,0
0,0,0,0,0,0,0,0,0,0,0,0,0,0,0,0,0,0,0,0
0,0,0,0,0,0,0,0,0,0,0,0,0,0,0,0,0,0,0,0
0,0,0,0,0,0,0,0,0,0,0,0,0,0,0,0,0,0,0,0
0,0,0,0,0,0,0,0,0,0,0,0,0,0,0,0,0,0,0,0
0,0,0,0,0,0,0,0,0,34,0,0,0,0,56,0,0,0,0,0
0,0,0,0,0,0,0,0,0,37,0,42,0,52,64,0,67,75,0,0
0,13,0,16,18,15,22,0,32,43,0,38,50,49,55,62,69,68,0,0
1,6,11,9,24,14,27,19,39,35,0,53,40,59,71,72,66,74,76,0
2,3,7,8,10,20,17,23,26,28,54,44,45,65,48,51,73,61,70,80
4,5,12,21,25,29,30,31,33,36,41,46,47,57,58,60,63,77,78,79
0,0,0,0,0,0,0,0,0,0,0,0,0,0,0,0,0,0,0,0
0,0,0,0,0,0,0,0,0,0,0,0,0,0,0,0,0,0,0,0
0,0,0,0,0,0,0,0,0,0,0,0,0,0,0,0,0,0,0,0
0,0,0,0,0,0,0,0,0,0,0,0,0,0,0,0,0,0,0,0
0,0,0,0,0,0,0,0,0,0,0,0,0,0,0,0,0,0,0,0
0,0,0,0,0,0,0,0,0,0,0,0,0,0,0,0,0,0,0,0
0,0,0,0,0,0,0,0,0,0,0,0,0,0,0,0,0,0,0,0
0,0,0,0,0,0,0,0,0,0,0,0,0,0,0,0,0,0,0,0
0,0,0,0,0,0,0,0,0,0,0,0,0,0,0,0,0,22,0,0
0,0,0,0,0,0,0,0,0,0,0,0,0,0,16,0,0,54,15,0
0,0,0,0,0,0,0,0,0,0,56,0,0,0,64,34,13,69,67,0
76,0,38,6,37,19,1,14,0,43,40,0,55,0,42,17,32,65,68,0
61,0,44,52,9,74,28,73,49,26,39,0,62,0,10,48,66,51,11,0
79,35,78,30,45,3,63,29,58,33,57,53,70,0,25,5,8,4,41,46
47,80,18,31,21,36,27,2,12,50,71,23,75,77,7,24,72,20,59,60
0,0,0,0,0,0,0,0,0,0,0,0,0,0,0,0,0,0,0,0
0,0,0,0,0,0,0,0,0,0,0,0,0,0,0,0,0,0,0,0
0,0,0,0,0,0,0,0,0,0,0,0,0,0,0,0,0,0,0,0
0,0,0,0,0,0,0,0,0,0,0,0,0,0,0,0,0,0,0,0
0,0,0,0,0,0,0,0,0,0,0,0,0,0,0,0,0,0,0,0
0,0,0,0,0,0,0,0,0,0,0,0,0,0,0,0,0,0,0,0
0,0,0,0,0,0,0,0,0,0,0,0,0,0,0,0,0,0,0,0
0,0,0,0,0,0,0,0,0,0,0,0,0,0,0,0,0,0,0,0
0,0,0,0,0,0,0,0,0,0,0,0,0,0,0,0,0,0,0,0
0,0,0,0,0,0,0,0,0,34,0,42,0,0,56,0,67,0,0,0
0,13,0,0,0,0,0,0,32,37,0,38,0,52,64,0,69,0,0,0
0,6,0,16,0,15,22,0,39,43,0,53,0,49,55,0,66,68,76,0
1,3,0,9,10,14,17,0,26,35,54,44,40,65,48,62,73,74,70,0
4,5,11,8,25,29,30,19,33,28,41,46,45,57,58,51,63,61,78,79
2,7,12,18,20,21,23,24,27,31,36,47,50,59,60,71,72,75,77,80
