2014-03-17
0,0,0,0,0,0,0,0,0,0,0,0,0,0,0,0,0,0,0,0
0,0,0,0,0,0,0,0,0,0,0,0,0,0,0,0,0,0,0,0
0,0,0,0,0,0,0,0,0,0,0,0,0,0,0,0,0,0,0,0
0,0,0,0,0,0,0,0,0,0,0,0,0,0,0,0,0,0,0,0
0,0,0,0,0,0,0,0,0,0,0,0,0,0,0,0,0,0,0,0
0,0,0,0,0,0,0,0,0,0,0,0,0,0,0,0,0,0,0,0
0,0,0,0,0,0,0,0,0,0,0,0,0,0,0,0,0,0,0,0
0,0,0,0,0,0,0,0,0,0,0,0,0,0,0,0,0,0,0,0
0,0,0,0,0,0,0,0,0,0,0,0,0,0,0,0,0,22,0,0
0,0,0,0,0,0,0,0,0,0,0,0,0,0,16,0,0,54,15,0
0,0,0,0,0,0,0,0,0,0,56,0,0,0,64,34,13,69,67,0
76,0,38,6,37,19,1,14,0,43,40,0,55,0,42,17,32,65,68,0
61,0,44,52,9,74,28,73,49,26,39,0,62,0,10,48,66,51,11,0
79,35,78,30,45,3,63,29,58,33,57,53,70,0,25,5,8,4,41,46
47,80,18,31,21,36,27,2,12,50,71,23,75,77,7,24,72,20,59,60
0,0,0,0,0,0,0,0,0,0,0,0,0,0,0,0,0,0,0,0
0,0,0,0,0,0,0,0,0,0,0,0,0,0,0,0,0,0,0,0
0,0,0,0,0,0,0,0,0,0,0,0,0,0,0,0,0,0,0,0
0,0,0,0,0,0,0,0,0,0,0,0,0,0,0,0,0,0,0,0
0,0,0,0,0,0,0,0,0,0,0,0,0,0,0,0,0,0,0,0
0,0,0,0,0,0,0,0,0,0,0,0,0,0,0,0,0,0,0,0
0,0,0,0,0,0,0,0,0,0,0,0,0,0,0,0,0,0,0,0
0,0,0,0,0,0,0,0,0,0,0,0,0,0,0,0,0,0,0,0
0,0,0,0,0,0,0,0,0,0,0,0,0,0,0,0,0,0,0,0
0,0,0,0,0,0,0,0,0,34,0,42,0,0,56,0,67,0,0,0
0,13,0,0,0,0,0,0,32,37,0,38,0,52,64,0,69,0,0,0
0,6,0,16,0,15,22,0,39,43,0,53,0,49,55,0,66,68,76,0
1,3,0,9,10,14,17,0,26,35,54,44,40,65,48,62,73,74,70,0
4,5,11,8,25,29,30,19,33,28,41,46,45,57,58,51,63,61,78,79
2,7,12,18,20,21,23,24,27,31,36,47,50,59,60,71,72,75,77,80
0,0,0,0,0,0,0,0,0,0,0,0,0,0,0,0,0,0,0,0
0,0,0,0,0,0,0,0,0,0,0,0,0,0,0,0,0,0,0,0
0,0,0,0,0,0,0,0,0,0,0,0,0,0,0,0,0,0,0,0
0,0,0,0,0,0,0,0,0,0,0,0,0,0,0,0,0,0,0,0
0,0,0,0,0,0,0,0,0,0,0,0,0,0,0,0,0,0,0,0
0,0,0,0,0,0,0,0,0,0,0,0,0,0,0,0,0,0,0,0
0,0,0,0,0,0,0,0,0,0,0,0,0,0,0,0,0,0,0,0
0,0,0,0,0,0,0,0,0,0,0,0,0,0,0,0,0,0,0,0
0,0,0,0,0,0,0,0,0,0,0,0,0,0,0,0,0,0,15,0
0,0,0,0,0,0,0,0,0,0,56,0,0,0,0,0,0,22,67,0
0,0,0,0,0,0,0,0,0,0,40,0,0,0,0,34,0,54,68,0
76,0,0,52,0,19,1,14,49,0,39,0,55,0,16,17,32,69,11,0
61,35,38,30,37,74,28,73,58,43,57,53,70,0,42,48,66,65,41,46
79,80,18,31,9,3,27,29,12,33,71,23,75,77,10,5,8,4,59,60
21,50,72,51,47,7,44,64,24,45,2,25,78,62,6,26,13,36,63,20
0,0,0,0,0,0,0,0,0,0,0,0,0,0,0,0,0,0,0,0
0,0,0,0,0,0,0,0,0,0,0,0,0,0,0,0,0,0,0,0
0,0,0,0,0,0,0,0,0,0,0,0,0,0,0,0,0,0,0,0
0,0,0,0,0,0,0,0,0,0,0,0,0,0,0,0,0,0,0,0
0,0,0,0,0,0,0,0,0,0,0,0,0,0,0,0,0,0,0,0
0,0,0,0,0,0,0,0,0,0,0,0,0,0,0,0,0,0,0,0
0,0,0,0,0,0,0,0,0,0,0,0,0,0,0,0,0,0,0,0
0,0,0,0,0,0,0,0,0,0,0,0,0,0,0,0,0,0,0,0
0,0,0,0,0,0,0,0,0,34,0,0,0,0,0,0,0,0,0,0
0,0,0,0,0,0,0,0,0,37,0,0,0,52,56,0,0,0,0,0
0,0,0,16,0,0,22,0,32,43,0,42,0,49,55,0,67,68,0,0
0,0,0,9,0,15,17,0,39,35,0,38,0,65,48,0,69,74,76,0
1,3,11,8,0,14,30,0,33,28,54,53,0,57,58,0,66,61,70,79
4,5,12,18,10,29,23,19,27,31,41,46,40,59,60,71,73,75,77,80
2,6,7,13,20,21,24,25,26,36,44,45,47,50,51,62,63,64,72,78
