2014-03-22
0,0,0,0,0,0,0,0,0,0,0,0,0,0,0,0,0,0,0,0
0,0,0,0,0,0,0,0,0,0,0,0,0,0,0,0,0,0,0,0
0,0,0,0,0,0,0,0,0,0,0,0,0,0,0,0,0,0,0,0
0,0,0,0,0,0,0,0,0,0,0,0,0,0,0,0,0,0,0,0
0,0,0,0,0,0,0,0,0,0,0,0,0,0,0,0,0,0,0,0
0,0,0,0,0,0,0,0,0,0,0,0,0,0,0,0,0,0,0,0
0,0,0,0,0,0,0,0,0,0,0,0,0,0,0,0,0,0,0,0
0,0,0,0,0,0,0,0,0,0,0,0,0,0,0,0,0,0,0,0
0,0,0,0,0,0,0,0,0,0,0,0,0,0,0,0,0,0,0,0
0,0,0,0,37,0,0,0,0,33,0,0,0,0,0,48,0,0,68,0
79,0,0,0,9,74,0,0,0,45,0,0,0,0,16,26,0,0,41,0
61,0,0,51,4,3,0,0,24,35,40,0,0,0,42,13,0,0,63,2
30,50,70,64,22,15,44,14,28,20,57,38,56,0,10,7,0,69,31,29
52,5,25,54,11,49,27,18,71,66,34,78,1,67,43,6,55,65,47,23
21,58,17,19,72,75,53,8,32,76,73,80,77,36,12,39,60,46,59,62
0,0,0,0,0,0,0,0,0,0,0,0,0,0,0,0,0,0,0,0
0,0,0,0,0,0,0,0,0,0,0,0,0,0,0,0,0,0,0,0
0,0,0,0,0,0,0,0,0,0,0,0,0,0,0,0,0,0,0,0
0,0,0,0,0,0,0,0,0,0,0,0,0,0,0,0,0,0,0,0
0,0,0,0,0,0,0,0,0,0,0,0,0,0,0,0,0,0,0,0
0,0,0,0,0,0,0,0,0,0,0,0,0,0,0,0,0,0,0,0
0,0,0,0,0,0,0,0,0,0,0,0,0,0,0,0,0,0,0,0
0,0,0,0,0,0,0,0,0,0,0,0,0,0,0,0,0,0,0,0
0,0,0,0,0,0,0,0,0,0,0,0,0,0,0,0,0,0,0,0
0,0,0,0,0,0,0,0,0,0,0,0,0,0,48,0,69,0,0,0
0,3,0,0,0,0,0,0,33,37,41,42,0,65,51,0,63,0,0,0
0,4,0,16,10,14,0,0,26,24,44,45,40,57,38,0,61,0,0,0
2,7,5,9,20,13,0,28,29,30,34,43,31,50,55,56,70,68,64,0
1,6,11,15,18,22,23,25,27,47,49,52,54,35,66,67,71,74,78,79
8,12,17,19,21,32,36,39,46,53,58,59,60,62,72,73,75,76,77,80
0,0,0,0,0,0,0,0,0,0,0,0,0,0,0,0,0,0,0,0
0,0,0,0,0,0,0,0,0,0,0,0,0,0,0,0,0,0,0,0
0,0,0,0,0,0,0,0,0,0,0,0,0,0,0,0,0,0,0,0
0,0,0,0,0,0,0,0,0,0,0,0,0,0,0,0,0,0,0,0
0,0,0,0,0,0,0,0,0,0,0,0,0,0,0,0,0,0,0,0
0,0,0,0,0,0,0,0,0,0,0,0,0,0,0,0,0,0,0,0
0,0,0,0,0,0,0,0,0,0,0,0,0,0,0,0,0,0,0,0
0,0,0,0,0,0,0,0,0,0,0,0,0,0,0,0,0,0,0,0
0,0,0,0,0,0,0,0,0,0,0,0,0,0,0,48,0,0,0,0
0,0,0,0,37,0,0,0,0,0,0,0,0,0,0,26,0,0,0,0
0,0,0,0,9,3,0,0,24,45,0,0,0,0,16,13,0,0,0,2
79,0,70,51,22,15,44,0,28,35,40,38,0,0,10,7,0,69,0,29
61,0,25,64,11,49,27,14,71,66,34,78,0,0,43,6,0,65,63,23
21,5,17,19,72,75,53,8,32,76,73,80,56,67,12,39,55,46,59,62
52,31,77,74,18,36,54,58,42,47,41,60,4,68,30,50,20,57,33,1
0,0,0,0,0,0,0,0,0,0,0,0,0,0,0,0,0,0,0,0
0,0,0,0,0,0,0,0,0,0,0,0,0,0,0,0,0,0,0,0
0,0,0,0,0,0,0,0,0,0,0,0,0,0,0,0,0,0,0,0
0,0,0,0,0,0,0,0,0,0,0,0,0,0,0,0,0,0,0,0
0,0,0,0,0,0,0,0,0,0,0,0,0,0,0,0,0,0,0,0
0,0,0,0,0,0,0,0,0,0,0,0,0,0,0,0,0,0,0,0
0,0,0,0,0,0,0,0,0,0,0,0,0,0,0,0,0,0,0,0
0,0,0,0,0,0,0,0,0,0,0,0,0,0,0,0,0,0,0,0
0,0,0,0,0,0,0,0,0,0,0,0,0,0,48,0,69,0,0,0
0,0,0,0,0,0,0,0,0,0,0,0,0,0,51,0,63,0,0,0
0,3,0,16,0,14,0,0,26,0,0,0,0,0,38,0,61,0,0,0
0,7,5,9,0,13,0,28,29,37,44,45,0,65,55,56,70,0,0,0
2,6,11,15,10,22,0,25,27,24,34,43,0,35,66,67,71,0,64,79
8,12,17,19,21,32,23,39,46,53,49,59,40,62,72,73,75,76,78,80
1,4,18,20,30,31,33,36,41,42,47,50,52,54,57,58,60,68,74,77
