2014-04-25
0,0,0,0,0,0,0,0,0,0,0,0,0,0,0,0,0,0,0,0
0,0,0,0,0,0,0,0,0,0,0,0,0,0,0,0,0,0,0,0
0,0,0,0,0,0,0,0,0,0,0,0,0,0,0,0,0,0,0,0
0,0,0,0,0,0,0,0,0,0,0,0,0,0,0,0,0,0,0,0
0,0,0,0,0,0,0,0,0,0,0,0,0,0,0,0,0,0,0,0
0,0,0,0,0,0,0,0,0,0,0,0,0,0,0,0,0,0,0,0
0,0,0,0,0,0,0,0,0,0,0,0,0,0,0,0,0,0,0,0
0,0,0,0,0,0,0,0,0,0,0,0,0,0,0,0,0,0,0,0
0,0,0,0,0,0,0,0,0,0,0,0,0,0,0,0,0,0,0,0
0,0,0,0,0,0,0,0,0,0,0,0,0,50,0,0,0,0,0,0
0,0,75,0,46,17,0,0,0,0,73,0,0,39,0,0,0,0,0,4
79,11,40,0,63,49,0,0,59,0,65,8,48,51,68,12,38,0,0,80
57,37,69,6,64,15,45,42,36,33,16,54,5,55,77,76,70,0,74,47
58,20,21,22,23,35,27,72,67,44,61,7,14,78,62,2,3,13,25,34
26,60,41,43,53,24,56,30,10,1,28,31,32,71,19,18,9,52,66,29
0,0,0,0,0,0,0,0,0,0,0,0,0,0,0,0,0,0,0,0
0,0,0,0,0,0,0,0,0,0,0,0,0,0,0,0,0,0,0,0
0,0,0,0,0,0,0,0,0,0,0,0,0,0,0,0,0,0,0,0
0,0,0,0,0,0,0,0,0,0,0,0,0,0,0,0,0,0,0,0
0,0,0,0,0,0,0,0,0,0,0,0,0,0,0,0,0,0,0,0
0,0,0,0,0,0,0,0,0,0,0,0,0,0,0,0,0,0,0,0
0,0,0,0,0,0,0,0,0,0,0,0,0,0,0,0,0,0,0,0
0,0,0,0,0,0,0,0,0,0,0,0,0,0,0,0,0,0,0,0
0,0,0,0,0,0,0,0,0,0,0,0,0,0,0,0,0,0,0,0
0,0,0,11,0,0,0,0,0,0,0,0,45,0,0,0,0,0,0,73
0,0,0,17,0,0,0,0,0,0,42,0,50,0,0,0,0,74,75,79
6,0,0,8,13,0,0,38,39,46,49,0,57,63,59,0,0,76,77,80
4,5,12,15,16,0,33,36,37,48,44,51,54,55,68,69,0,64,67,72
2,3,7,14,20,21,22,23,25,40,27,47,34,35,65,58,70,61,62,78
1,9,10,18,19,24,26,28,29,30,31,32,41,43,52,53,56,60,66,71
0,0,0,0,0,0,0,0,0,0,0,0,0,0,0,0,0,0,0,0
0,0,0,0,0,0,0,0,0,0,0,0,0,0,0,0,0,0,0,0
0,0,0,0,0,0,0,0,0,0,0,0,0,0,0,0,0,0,0,0
0,0,0,0,0,0,0,0,0,0,0,0,0,0,0,0,0,0,0,0
0,0,0,0,0,0,0,0,0,0,0,0,0,0,0,0,0,0,0,0
0,0,0,0,0,0,0,0,0,0,0,0,0,0,0,0,0,0,0,0
0,0,0,0,0,0,0,0,0,0,0,0,0,0,0,0,0,0,0,0
0,0,0,0,0,0,0,0,0,0,0,0,0,0,0,0,0,0,0,0
0,0,0,0,0,0,0,0,0,0,0,0,0,50,0,0,0,0,0,0
0,0,75,0,46,0,0,0,0,0,0,0,0,39,0,0,0,0,0,0
0,0,40,0,63,17,0,0,59,0,0,0,48,51,0,0,0,0,0,0
79,11,69,0,64,49,0,0,36,33,73,0,5,55,77,12,38,0,0,47
58,37,21,0,23,15,45,0,67,44,16,54,14,78,62,76,3,13,0,34
26,60,41,6,53,24,56,0,10,1,61,7,32,71,19,2,9,52,66,29
4,74,20,68,31,80,27,42,72,35,57,28,8,65,22,70,25,43,18,30
0,0,0,0,0,0,0,0,0,0,0,0,0,0,0,0,0,0,0,0
0,0,0,0,0,0,0,0,0,0,0,0,0,0,0,0,0,0,0,0
0,0,0,0,0,0,0,0,0,0,0,0,0,0,0,0,0,0,0,0
0,0,0,0,0,0,0,0,0,0,0,0,0,0,0,0,0,0,0,0
0,0,0,0,0,0,0,0,0,0,0,0,0,0,0,0,0,0,0,0
0,0,0,0,0,0,0,0,0,0,0,0,0,0,0,0,0,0,0,0
0,0,0,0,0,0,0,0,0,0,0,0,0,0,0,0,0,0,0,0
0,0,0,0,0,0,0,0,0,0,0,0,0,0,0,0,0,0,0,0
0,0,0,0,0,0,0,0,0,0,0,0,0,0,0,0,0,0,0,0
0,0,0,0,0,0,0,0,0,0,0,0,45,0,0,0,0,0,75,0
0,0,0,11,0,0,0,0,0,0,0,0,50,0,0,0,0,76,77,73
6,5,12,17,13,0,0,38,39,46,0,51,54,0,0,69,0,64,67,79
2,3,7,15,16,21,33,36,37,48,49,47,34,63,59,58,0,61,62,78
1,9,10,14,19,24,26,23,29,40,44,32,41,55,52,53,56,60,66,71
4,8,18,20,22,25,27,28,30,31,35,42,43,57,65,68,70,72,74,80
