2014-07-12
0,0,0,0,0,0,0,0,0,0,0,0,0,0,0,0,0,0,0,0
0,0,0,0,0,0,0,0,0,0,0,0,0,0,0,0,0,0,0,0
0,0,0,0,0,0,0,0,0,0,0,0,0,0,0,0,0,0,0,0
0,0,0,0,0,0,0,0,0,0,0,0,0,0,0,0,0,0,0,0
0,0,0,0,0,0,0,0,0,0,0,0,0,0,0,0,0,0,0,0
0,0,0,0,0,0,0,0,0,0,0,0,0,0,0,0,0,0,0,0
0,0,0,0,0,0,0,0,0,0,0,0,0,0,0,0,0,0,0,0
0,0,0,0,0,0,0,0,0,0,0,0,0,0,0,0,0,0,0,0
0,0,0,0,0,0,0,0,0,0,0,0,0,0,0,0,0,0,0,0
0,0,0,63,0,0,0,0,0,0,0,0,0,0,0,58,0,0,0,0
0,0,12,57,0,0,0,0,48,62,0,0,50,0,0,77,0,76,0,0
0,15,55,40,6,0,0,29,18,69,70,0,46,0,43,5,0,36,41,0
30,7,51,8,60,27,45,21,4,61,9,78,34,0,75,1,44,3,2,0
64,20,73,49,79,53,72,16,65,38,33,80,67,23,39,74,19,35,24,59
37,26,42,52,17,22,14,13,68,11,56,25,54,31,28,71,66,47,10,32
0,0,0,0,0,0,0,0,0,0,0,0,0,0,0,0,0,0,0,0
0,0,0,0,0,0,0,0,0,0,0,0,0,0,0,0,0,0,0,0
0,0,0,0,0,0,0,0,0,0,0,0,0,0,0,0,0,0,0,0
0,0,0,0,0,0,0,0,0,0,0,0,0,0,0,0,0,0,0,0
0,0,0,0,0,0,0,0,0,0,0,0,0,0,0,0,0,0,0,0
0,0,0,0,0,0,0,0,0,0,0,0,0,0,0,0,0,0,0,0
0,0,0,0,0,0,0,0,0,0,0,0,0,0,0,0,0,0,0,0
0,0,0,0,0,0,0,0,0,0,0,0,0,0,0,0,0,0,0,0
0,0,0,0,0,0,0,0,0,0,0,0,0,0,0,0,0,0,76,0
0,5,0,0,0,0,0,0,0,0,0,0,0,0,45,0,0,75,62,0
0,2,0,0,0,0,0,0,0,0,0,0,58,0,44,0,0,77,70,0
1,4,3,0,0,0,12,41,43,48,0,40,50,36,55,0,0,59,63,78
7,8,6,0,15,30,27,34,18,51,0,53,29,60,61,0,0,72,69,80
16,20,9,23,19,21,24,33,35,38,39,49,46,64,65,67,57,73,74,79
10,11,13,14,17,22,25,26,28,31,32,37,42,47,52,54,56,66,68,71
0,0,0,0,0,0,0,0,0,0,0,0,0,0,0,0,0,0,0,0
0,0,0,0,0,0,0,0,0,0,0,0,0,0,0,0,0,0,0,0
0,0,0,0,0,0,0,0,0,0,0,0,0,0,0,0,0,0,0,0
0,0,0,0,0,0,0,0,0,0,0,0,0,0,0,0,0,0,0,0
0,0,0,0,0,0,0,0,0,0,0,0,0,0,0,0,0,0,0,0
0,0,0,0,0,0,0,0,0,0,0,0,0,0,0,0,0,0,0,0
0,0,0,0,0,0,0,0,0,0,0,0,0,0,0,0,0,0,0,0
0,0,0,0,0,0,0,0,0,0,0,0,0,0,0,0,0,0,0,0
0,0,0,63,0,0,0,0,0,0,0,0,0,0,0,0,0,0,0,0
0,0,12,57,0,0,0,0,48,0,0,0,0,0,0,0,0,0,0,0
0,0,55,40,0,0,0,0,18,62,70,0,46,0,0,77,0,76,41,0
0,0,51,8,6,27,0,29,4,69,9,0,34,0,43,1,0,36,2,0
64,15,73,49,79,53,0,16,65,61,33,0,67,0,75,74,19,35,24,0
37,7,42,52,17,22,0,13,68,11,56,0,54,31,39,71,66,47,10,59
25,3,78,20,44,32,26,21,14,45,72,80,23,5,38,50,30,28,58,60
0,0,0,0,0,0,0,0,0,0,0,0,0,0,0,0,0,0,0,0
0,0,0,0,0,0,0,0,0,0,0,0,0,0,0,0,0,0,0,0
0,0,0,0,0,0,0,0,0,0,0,0,0,0,0,0,0,0,0,0
0,0,0,0,0,0,0,0,0,0,0,0,0,0,0,0,0,0,0,0
0,0,0,0,0,0,0,0,0,0,0,0,0,0,0,0,0,0,0,0
0,0,0,0,0,0,0,0,0,0,0,0,0,0,0,0,0,0,0,0
0,0,0,0,0,0,0,0,0,0,0,0,0,0,0,0,0,0,0,0
0,0,0,0,0,0,0,0,0,0,0,0,0,0,0,0,0,0,76,0
0,0,0,0,0,0,0,0,0,0,0,0,0,0,0,0,0,0,62,0
0,0,0,0,0,0,0,0,0,0,0,0,0,0,0,0,0,75,70,0
1,2,0,0,0,0,0,0,0,0,0,40,0,0,55,0,0,77,63,0
7,4,6,0,15,0,12,41,43,48,0,53,29,36,61,0,0,59,69,0
16,8,9,0,19,0,27,34,18,51,0,49,46,64,65,67,57,73,74,79
10,11,13,0,17,22,24,33,35,31,39,37,42,47,52,54,56,66,68,71
3,5,14,20,21,23,25,26,28,30,32,38,44,45,50,58,60,72,78,80
