2014-11-13
0,0,0,0,0,0,0,0,0,0,0,0,0,0,0,0,0,0,0,0
0,0,0,0,0,0,0,0,0,0,0,0,0,0,0,0,0,0,0,0
0,0,0,0,0,0,0,0,0,0,0,0,0,0,0,0,0,0,0,0
0,0,0,0,0,0,0,0,0,0,0,0,0,0,0,0,0,0,0,0
0,0,0,0,0,0,0,0,0,0,0,0,0,0,0,0,0,0,0,0
0,0,0,0,0,0,0,0,0,0,0,0,0,0,0,0,0,0,0,0
0,0,0,0,0,0,0,0,0,0,0,0,0,0,0,0,0,0,0,0
0,0,0,0,0,0,0,0,0,0,0,0,0,0,0,0,0,0,0,0
0,0,0,0,0,0,0,0,0,0,0,0,0,0,0,0,0,0,0,0
0,35,0,0,78,0,0,0,0,0,0,0,0,0,0,19,0,0,0,0
0,54,48,0,58,0,0,0,0,0,0,0,0,0,0,72,0,0,0,37
41,31,42,0,15,5,0,0,40,0,0,68,49,1,61,32,71,0,0,74
20,2,60,26,21,44,0,52,23,8,67,43,75,28,62,27,25,29,56,13
53,17,65,51,33,66,46,30,45,79,64,80,3,73,63,22,6,47,59,76
12,70,50,57,4,77,69,34,9,16,10,18,39,14,36,7,24,11,38,55
0,0,0,0,0,0,0,0,0,0,0,0,0,0,0,0,0,0,0,0
0,0,0,0,0,0,0,0,0,0,0,0,0,0,0,0,0,0,0,0
0,0,0,0,0,0,0,0,0,0,0,0,0,0,0,0,0,0,0,0
0,0,0,0,0,0,0,0,0,0,0,0,0,0,0,0,0,0,0,0
0,0,0,0,0,0,0,0,0,0,0,0,0,0,0,0,0,0,0,0
0,0,0,0,0,0,0,0,0,0,0,0,0,0,0,0,0,0,0,0
0,0,0,0,0,0,0,0,0,0,0,0,0,0,0,0,0,0,0,0
0,0,0,0,0,0,0,0,0,0,0,0,0,0,0,0,0,0,0,0
0,0,0,0,0,0,0,0,0,0,0,0,49,0,56,0,0,0,0,0
0,0,0,0,0,0,0,0,0,0,0,0,52,0,54,0,0,72,0,0
0,0,0,0,0,0,0,0,0,0,0,48,41,0,61,0,0,59,0,78
1,5,0,0,0,35,0,0,0,32,31,44,40,58,43,67,0,71,0,79
2,8,0,0,20,17,21,29,37,25,26,27,28,42,64,53,68,62,74,75
3,6,15,19,13,22,30,33,23,45,46,47,51,63,65,66,60,73,76,80
4,7,9,10,11,12,14,16,18,24,34,36,38,39,50,55,57,69,70,77
0,0,0,0,0,0,0,0,0,0,0,0,0,0,0,0,0,0,0,0
0,0,0,0,0,0,0,0,0,0,0,0,0,0,0,0,0,0,0,0
0,0,0,0,0,0,0,0,0,0,0,0,0,0,0,0,0,0,0,0
0,0,0,0,0,0,0,0,0,0,0,0,0,0,0,0,0,0,0,0
0,0,0,0,0,0,0,0,0,0,0,0,0,0,0,0,0,0,0,0
0,0,0,0,0,0,0,0,0,0,0,0,0,0,0,0,0,0,0,0
0,0,0,0,0,0,0,0,0,0,0,0,0,0,0,0,0,0,0,0
0,0,0,0,0,0,0,0,0,0,0,0,0,0,0,0,0,0,0,0
0,0,0,0,0,0,0,0,0,0,0,0,0,0,0,0,0,0,0,0
0,0,48,0,0,0,0,0,0,0,0,0,0,0,0,0,0,0,0,0
0,35,42,0,78,0,0,0,0,0,0,0,0,0,61,19,0,0,0,0
41,54,60,26,58,5,0,0,0,0,67,68,0,1,62,27,25,29,56,74
20,17,65,51,21,44,46,52,40,0,64,80,75,28,63,22,6,47,59,13
12,70,50,57,33,66,69,34,45,79,10,18,3,14,36,7,24,11,38,76
43,71,4,77,30,32,2,55,37,16,9,49,23,73,39,8,15,53,31,72
0,0,0,0,0,0,0,0,0,0,0,0,0,0,0,0,0,0,0,0
0,0,0,0,0,0,0,0,0,0,0,0,0,0,0,0,0,0,0,0
0,0,0,0,0,0,0,0,0,0,0,0,0,0,0,0,0,0,0,0
0,0,0,0,0,0,0,0,0,0,0,0,0,0,0,0,0,0,0,0
0,0,0,0,0,0,0,0,0,0,0,0,0,0,0,0,0,0,0,0
0,0,0,0,0,0,0,0,0,0,0,0,0,0,0,0,0,0,0,0
0,0,0,0,0,0,0,0,0,0,0,0,0,0,0,0,0,0,0,0
0,0,0,0,0,0,0,0,0,0,0,0,0,0,0,0,0,0,0,0
0,0,0,0,0,0,0,0,0,0,0,0,52,0,56,0,0,0,0,0
0,0,0,0,0,0,0,0,0,0,0,48,41,0,54,0,0,0,0,0
0,0,0,0,0,35,0,0,0,0,0,44,40,0,61,0,0,0,0,78
0,5,0,0,20,17,0,0,0,25,26,27,28,58,64,0,68,59,74,79
1,6,0,19,13,22,21,29,0,45,46,47,51,42,65,67,60,62,76,75
3,7,0,10,11,12,14,33,18,24,34,36,38,63,50,66,57,69,70,80
2,4,8,9,15,16,23,30,31,32,37,39,43,49,53,55,71,72,73,77
