2015-02-10
0,0,0,0,0,0,0,0,0,0,0,0,0,0,0,0,0,0,0,0
0,0,0,0,0,0,0,0,0,0,0,0,0,0,0,0,0,0,0,0
0,0,0,0,0,0,0,0,0,0,0,0,0,0,0,0,0,0,0,0
0,0,0,0,0,0,0,0,0,0,0,0,0,0,0,0,0,0,0,0
0,0,0,0,0,0,0,0,0,0,0,0,0,0,0,0,0,0,0,0
0,0,0,0,0,0,0,0,0,0,0,0,0,0,0,0,0,0,0,0
0,0,0,0,0,0,0,0,0,0,0,0,0,0,0,0,0,0,0,0
0,0,0,0,0,0,0,0,0,0,0,0,0,0,0,0,0,0,0,0
0,0,0,0,0,0,0,0,0,0,0,0,0,0,68,0,0,0,0,0
0,0,0,0,0,0,0,0,0,0,0,60,0,0,41,0,0,0,0,0
0,0,0,0,0,0,0,67,0,0,76,46,35,13,20,0,0,0,0,15
0,22,0,29,0,0,0,80,0,0,34,32,12,53,1,0,8,28,0,71
48,10,54,39,79,66,55,73,16,0,72,5,6,9,30,62,23,33,40,75
19,42,7,38,17,45,44,50,11,27,4,43,37,64,3,59,58,36,57,52
65,26,14,49,51,63,47,31,61,69,25,70,24,78,74,21,77,2,18,56
0,0,0,0,0,0,0,0,0,0,0,0,0,0,0,0,0,0,0,0
0,0,0,0,0,0,0,0,0,0,0,0,0,0,0,0,0,0,0,0
0,0,0,0,0,0,0,0,0,0,0,0,0,0,0,0,0,0,0,0
0,0,0,0,0,0,0,0,0,0,0,0,0,0,0,0,0,0,0,0
0,0,0,0,0,0,0,0,0,0,0,0,0,0,0,0,0,0,0,0
0,0,0,0,0,0,0,0,0,0,0,0,0,0,0,0,0,0,0,0
0,0,0,0,0,0,0,0,0,0,0,0,0,0,0,0,0,0,0,0
0,0,0,0,0,0,0,0,0,0,0,0,0,0,0,0,0,0,0,0
0,0,0,0,0,0,0,0,0,0,0,0,0,0,0,0,0,0,0,0
0,0,0,0,0,0,0,0,0,0,0,0,0,0,0,0,0,0,68,0
0,0,0,15,0,0,0,34,0,41,0,0,29,0,0,60,0,0,76,0
0,8,16,12,0,0,32,23,39,28,27,0,48,0,50,53,67,0,71,80
1,4,5,6,13,20,22,19,40,30,33,35,46,0,52,55,54,66,75,79
3,7,11,17,9,10,36,37,38,42,43,44,45,57,59,64,58,73,62,72
2,14,18,21,24,25,26,31,47,49,51,56,61,63,65,69,70,74,77,78
0,0,0,0,0,0,0,0,0,0,0,0,0,0,0,0,0,0,0,0
0,0,0,0,0,0,0,0,0,0,0,0,0,0,0,0,0,0,0,0
0,0,0,0,0,0,0,0,0,0,0,0,0,0,0,0,0,0,0,0
0,0,0,0,0,0,0,0,0,0,0,0,0,0,0,0,0,0,0,0
0,0,0,0,0,0,0,0,0,0,0,0,0,0,0,0,0,0,0,0
0,0,0,0,0,0,0,0,0,0,0,0,0,0,0,0,0,0,0,0
0,0,0,0,0,0,0,0,0,0,0,0,0,0,0,0,0,0,0,0
0,0,0,0,0,0,0,0,0,0,0,0,0,0,0,0,0,0,0,0
0,0,0,0,0,0,0,0,0,0,0,0,0,0,0,0,0,0,0,0
0,0,0,0,0,0,0,67,0,0,0,60,35,0,0,0,0,0,0,0
0,0,0,0,0,0,0,80,0,0,0,46,12,13,0,0,8,0,0,15
48,0,0,29,0,0,55,73,16,0,76,32,6,53,41,0,23,33,0,71
19,22,7,39,17,66,44,50,11,0,34,5,37,9,30,0,58,36,40,75
65,26,14,49,51,45,47,31,61,69,72,70,24,78,74,62,77,2,18,52
54,59,21,68,25,3,63,56,79,27,64,10,4,42,1,28,57,38,43,20
0,0,0,0,0,0,0,0,0,0,0,0,0,0,0,0,0,0,0,0
0,0,0,0,0,0,0,0,0,0,0,0,0,0,0,0,0,0,0,0
0,0,0,0,0,0,0,0,0,0,0,0,0,0,0,0,0,0,0,0
0,0,0,0,0,0,0,0,0,0,0,0,0,0,0,0,0,0,0,0
0,0,0,0,0,0,0,0,0,0,0,0,0,0,0,0,0,0,0,0
0,0,0,0,0,0,0,0,0,0,0,0,0,0,0,0,0,0,0,0
0,0,0,0,0,0,0,0,0,0,0,0,0,0,0,0,0,0,0,0
0,0,0,0,0,0,0,0,0,0,0,0,0,0,0,0,0,0,0,0
0,0,0,0,0,0,0,0,0,0,0,0,0,0,0,0,0,0,0,0
0,0,0,0,0,0,0,34,0,0,0,0,29,0,0,0,0,0,76,0
0,0,16,15,0,0,32,23,0,0,0,0,48,0,0,60,0,0,71,0
0,8,5,12,13,0,22,19,39,41,0,0,46,0,50,53,67,66,75,80
0,7,11,6,9,0,36,37,40,30,33,35,45,0,52,55,58,73,62,72
2,14,18,17,24,0,26,31,47,49,51,44,61,0,65,69,70,74,77,78
1,3,4,10,20,21,25,27,28,38,42,43,54,56,57,59,63,64,68,79
