2015-03-13
0,0,0,0,0,0,0,0,0,0,0,0,0,0,0,0,0,0,0,0
0,0,0,0,0,0,0,0,0,0,0,0,0,0,0,0,0,0,0,0
0,0,0,0,0,0,0,0,0,0,0,0,0,0,0,0,0,0,0,0
0,0,0,0,0,0,0,0,0,0,0,0,0,0,0,0,0,0,0,0
0,0,0,0,0,0,0,0,0,0,0,0,0,0,0,0,0,0,0,0
0,0,0,0,0,0,0,0,0,0,0,0,0,0,0,0,0,0,0,0
0,0,0,0,0,0,0,0,0,0,0,0,0,0,0,0,0,0,0,0
0,0,0,0,0,0,0,0,0,0,0,0,0,0,0,0,0,0,0,0
0,0,0,0,0,0,0,0,0,64,0,0,0,0,0,0,0,0,0,0
0,0,0,0,0,0,38,0,0,4,0,0,0,0,0,0,0,0,42,0
0,0,63,0,30,0,71,0,0,25,27,8,20,0,0,0,0,0,45,0
54,0,2,0,62,16,76,77,72,61,19,22,15,0,0,0,0,0,10,0
70,1,34,12,79,31,53,73,7,56,69,39,17,0,32,0,0,60,46,0
49,37,58,48,51,14,43,18,57,67,40,13,23,80,29,74,36,35,3,75
52,50,44,28,24,9,41,11,47,26,78,6,65,5,68,59,33,66,55,21
0,0,0,0,0,0,0,0,0,0,0,0,0,0,0,0,0,0,0,0
0,0,0,0,0,0,0,0,0,0,0,0,0,0,0,0,0,0,0,0
0,0,0,0,0,0,0,0,0,0,0,0,0,0,0,0,0,0,0,0
0,0,0,0,0,0,0,0,0,0,0,0,0,0,0,0,0,0,0,0
0,0,0,0,0,0,0,0,0,0,0,0,0,0,0,0,0,0,0,0
0,0,0,0,0,0,0,0,0,0,0,0,0,0,0,0,0,0,0,0
0,0,0,0,0,0,0,0,0,0,0,0,0,0,0,0,0,0,0,0
0,0,0,0,0,0,0,0,0,0,0,0,0,0,0,0,0,0,0,0
0,0,0,0,0,0,0,0,0,0,0,0,0,0,0,0,0,0,0,0
0,0,0,0,0,0,0,0,0,38,0,0,0,0,0,0,0,0,0,0
0,0,8,0,20,27,0,0,0,42,0,0,0,0,0,63,0,71,72,77
2,4,7,0,16,19,0,22,30,34,0,48,0,0,0,62,0,69,73,76
1,12,13,15,10,18,0,25,32,35,39,46,54,45,53,61,0,70,74,79
3,14,23,29,17,36,37,31,43,49,40,51,60,57,58,56,64,67,75,80
5,6,9,11,21,24,26,28,33,41,44,47,50,52,55,59,65,66,68,78
0,0,0,0,0,0,0,0,0,0,0,0,0,0,0,0,0,0,0,0
0,0,0,0,0,0,0,0,0,0,0,0,0,0,0,0,0,0,0,0
0,0,0,0,0,0,0,0,0,0,0,0,0,0,0,0,0,0,0,0
0,0,0,0,0,0,0,0,0,0,0,0,0,0,0,0,0,0,0,0
0,0,0,0,0,0,0,0,0,0,0,0,0,0,0,0,0,0,0,0
0,0,0,0,0,0,0,0,0,0,0,0,0,0,0,0,0,0,0,0
0,0,0,0,0,0,0,0,0,0,0,0,0,0,0,0,0,0,0,0
0,0,0,0,0,0,0,0,0,0,0,0,0,0,0,0,0,0,0,0
0,0,0,0,0,0,38,0,0,0,0,0,0,0,0,0,0,0,0,0
0,0,63,0,0,0,71,0,0,0,0,0,0,0,0,0,0,0,0,0
0,0,2,0,62,0,76,77,72,0,19,0,15,0,0,0,0,0,42,0
54,1,34,0,79,16,53,73,7,64,69,0,17,0,0,0,0,0,10,0
49,37,58,12,51,31,43,18,57,56,40,22,23,80,32,74,0,60,46,0
52,50,44,28,24,9,41,11,47,26,78,39,65,5,68,59,0,35,55,75
48,33,8,13,25,70,45,4,21,20,14,27,29,61,36,67,30,3,66,6
0,0,0,0,0,0,0,0,0,0,0,0,0,0,0,0,0,0,0,0
0,0,0,0,0,0,0,0,0,0,0,0,0,0,0,0,0,0,0,0
0,0,0,0,0,0,0,0,0,0,0,0,0,0,0,0,0,0,0,0
0,0,0,0,0,0,0,0,0,0,0,0,0,0,0,0,0,0,0,0
0,0,0,0,0,0,0,0,0,0,0,0,0,0,0,0,0,0,0,0
0,0,0,0,0,0,0,0,0,0,0,0,0,0,0,0,0,0,0,0
0,0,0,0,0,0,0,0,0,0,0,0,0,0,0,0,0,0,0,0
0,0,0,0,0,0,0,0,0,0,0,0,0,0,0,0,0,0,0,0
0,0,0,0,0,0,0,0,0,38,0,0,0,0,0,0,0,0,0,0
0,0,0,0,0,0,0,0,0,42,0,0,0,0,0,0,0,0,72,77
0,0,0,0,0,0,0,0,0,34,0,0,0,0,0,63,0,0,73,76
2,0,7,0,16,19,0,22,0,35,39,46,54,0,53,62,0,0,74,79
1,0,23,15,10,18,37,31,32,49,40,51,60,57,58,56,64,71,75,80
5,12,9,11,17,24,26,28,43,41,44,47,50,52,55,59,65,69,68,78
3,4,6,8,13,14,20,21,25,27,29,30,33,36,45,48,61,66,67,70
