2015-04-17
0,0,0,0,0,0,0,0,0,0,0,0,0,0,0,0,0,0,0,0
0,0,0,0,0,0,0,0,0,0,0,0,0,0,0,0,0,0,0,0
0,0,0,0,0,0,0,0,0,0,0,0,0,0,0,0,0,0,0,0
0,0,0,0,0,0,0,0,0,0,0,0,0,0,0,0,0,0,0,0
0,0,0,0,0,0,0,0,0,0,0,0,0,0,0,0,0,0,0,0
0,0,0,0,0,0,0,0,0,0,0,0,0,0,0,0,0,0,0,0
0,0,0,0,0,0,0,0,0,0,0,0,0,0,0,0,0,0,0,0
0,0,0,0,0,0,0,74,0,0,0,0,0,0,0,0,0,0,0,0
0,0,0,0,0,0,0,52,0,0,0,0,0,0,0,0,0,0,0,0
0,0,0,0,9,0,0,27,0,0,0,0,16,0,42,51,0,0,0,0
0,0,0,3,40,0,0,47,0,0,0,0,43,0,19,31,0,0,0,0
0,0,0,54,2,6,0,44,0,48,62,75,41,0,58,28,34,0,0,35
0,0,60,70,61,78,79,32,63,65,80,77,18,0,12,69,49,0,38,17
67,55,53,24,1,21,71,59,37,36,22,5,25,0,66,46,33,26,13,57
10,76,45,56,14,8,73,4,29,30,15,20,64,7,11,50,23,72,39,68
0,0,0,0,0,0,0,0,0,0,0,0,0,0,0,0,0,0,0,0
0,0,0,0,0,0,0,0,0,0,0,0,0,0,0,0,0,0,0,0
0,0,0,0,0,0,0,0,0,0,0,0,0,0,0,0,0,0,0,0
0,0,0,0,0,0,0,0,0,0,0,0,0,0,0,0,0,0,0,0
0,0,0,0,0,0,0,0,0,0,0,0,0,0,0,0,0,0,0,0
0,0,0,0,0,0,0,0,0,0,0,0,0,0,0,0,0,0,0,0
0,0,0,0,0,0,0,0,0,0,0,0,0,0,0,0,0,0,0,0
0,0,0,0,0,0,0,0,0,0,0,0,0,0,0,0,0,0,0,0
0,0,0,0,0,0,0,0,0,0,0,0,0,0,0,0,0,0,0,0
0,6,0,0,0,0,0,0,0,0,52,0,0,51,62,0,0,0,0,0
0,9,0,0,0,16,0,35,0,0,34,0,0,48,47,0,0,0,75,0
0,3,0,0,0,26,0,31,0,42,49,38,40,58,60,67,63,0,77,74
2,12,0,0,0,19,27,32,41,43,37,54,53,61,65,69,70,78,79,80
1,5,13,0,17,18,28,21,22,44,24,25,33,36,46,55,57,59,66,71
4,7,8,10,11,14,15,20,23,29,30,39,45,50,56,64,68,72,73,76
0,0,0,0,0,0,0,0,0,0,0,0,0,0,0,0,0,0,0,0
0,0,0,0,0,0,0,0,0,0,0,0,0,0,0,0,0,0,0,0
0,0,0,0,0,0,0,0,0,0,0,0,0,0,0,0,0,0,0,0
0,0,0,0,0,0,0,0,0,0,0,0,0,0,0,0,0,0,0,0
0,0,0,0,0,0,0,0,0,0,0,0,0,0,0,0,0,0,0,0
0,0,0,0,0,0,0,0,0,0,0,0,0,0,0,0,0,0,0,0
0,0,0,0,0,0,0,0,0,0,0,0,0,0,0,0,0,0,0,0
0,0,0,0,0,0,0,0,0,0,0,0,0,0,0,0,0,0,0,0
0,0,0,0,0,0,0,0,0,0,0,0,16,0,0,51,0,0,0,0
0,0,0,3,9,0,0,0,0,0,0,0,43,0,19,31,0,0,0,0
0,0,0,54,2,0,0,0,0,0,0,0,41,0,58,28,0,0,0,0
0,0,60,70,61,6,0,27,63,65,0,0,18,0,12,69,34,0,0,0
67,55,53,24,1,78,0,47,37,36,62,77,25,0,66,46,49,0,38,17
10,76,45,56,14,21,73,44,29,30,80,20,64,7,11,50,33,72,39,57
26,8,71,52,40,15,32,74,35,4,59,48,23,75,79,5,42,13,22,68
0,0,0,0,0,0,0,0,0,0,0,0,0,0,0,0,0,0,0,0
0,0,0,0,0,0,0,0,0,0,0,0,0,0,0,0,0,0,0,0
0,0,0,0,0,0,0,0,0,0,0,0,0,0,0,0,0,0,0,0
0,0,0,0,0,0,0,0,0,0,0,0,0,0,0,0,0,0,0,0
0,0,0,0,0,0,0,0,0,0,0,0,0,0,0,0,0,0,0,0
0,0,0,0,0,0,0,0,0,0,0,0,0,0,0,0,0,0,0,0
0,0,0,0,0,0,0,0,0,0,0,0,0,0,0,0,0,0,0,0
0,0,0,0,0,0,0,0,0,0,0,0,0,0,0,0,0,0,0,0
0,0,0,0,0,0,0,0,0,0,0,0,0,0,62,0,0,0,0,0
0,6,0,0,0,0,0,0,0,0,34,0,0,51,47,0,0,0,0,0
0,9,0,0,0,16,0,0,0,0,49,38,0,58,60,67,0,0,0,0
0,3,0,0,0,19,0,31,0,43,37,54,53,61,65,69,63,0,77,0
2,12,0,0,17,18,27,21,0,44,24,25,33,36,46,55,70,78,66,80
1,7,0,10,11,14,28,20,41,29,30,39,45,50,56,64,57,72,73,76
4,5,8,13,15,22,23,26,32,35,40,42,48,52,59,68,71,74,75,79
