2015-04-18
0,0,0,0,0,0,0,0,0,0,0,0,0,0,0,0,0,0,0,0
0,0,0,0,0,0,0,0,0,0,0,0,0,0,0,0,0,0,0,0
0,0,0,0,0,0,0,0,0,0,0,0,0,0,0,0,0,0,0,0
0,0,0,0,0,0,0,0,0,0,0,0,0,0,0,0,0,0,0,0
0,0,0,0,0,0,0,0,0,0,0,0,0,0,0,0,0,0,0,0
0,0,0,0,0,0,0,0,0,0,0,0,0,0,0,0,0,0,0,0
0,0,0,0,0,0,0,0,0,0,0,0,0,0,0,0,0,0,0,0
0,0,0,0,0,0,0,0,0,0,0,0,0,0,0,0,0,0,0,0
0,0,0,0,0,0,0,0,0,0,0,0,16,0,0,51,0,0,0,0
0,0,0,3,9,0,0,0,0,0,0,0,43,0,19,31,0,0,0,0
0,0,0,54,2,0,0,0,0,0,0,0,41,0,58,28,0,0,0,0
0,0,60,70,61,6,0,27,63,65,0,0,18,0,12,69,34,0,0,0
67,55,53,24,1,78,0,47,37,36,62,77,25,0,66,46,49,0,38,17
10,76,45,56,14,21,73,44,29,30,80,20,64,7,11,50,33,72,39,57
26,8,71,52,40,15,32,74,35,4,59,48,23,75,79,5,42,13,22,68
0,0,0,0,0,0,0,0,0,0,0,0,0,0,0,0,0,0,0,0
0,0,0,0,0,0,0,0,0,0,0,0,0,0,0,0,0,0,0,0
0,0,0,0,0,0,0,0,0,0,0,0,0,0,0,0,0,0,0,0
0,0,0,0,0,0,0,0,0,0,0,0,0,0,0,0,0,0,0,0
0,0,0,0,0,0,0,0,0,0,0,0,0,0,0,0,0,0,0,0
0,0,0,0,0,0,0,0,0,0,0,0,0,0,0,0,0,0,0,0
0,0,0,0,0,0,0,0,0,0,0,0,0,0,0,0,0,0,0,0
0,0,0,0,0,0,0,0,0,0,0,0,0,0,0,0,0,0,0,0
0,0,0,0,0,0,0,0,0,0,0,0,0,0,62,0,0,0,0,0
0,6,0,0,0,0,0,0,0,0,34,0,0,51,47,0,0,0,0,0
0,9,0,0,0,16,0,0,0,0,49,38,0,58,60,67,0,0,0,0
0,3,0,0,0,19,0,31,0,43,37,54,53,61,65,69,63,0,77,0
2,12,0,0,17,18,27,21,0,44,24,25,33,36,46,55,70,78,66,80
1,7,0,10,11,14,28,20,41,29,30,39,45,50,56,64,57,72,73,76
4,5,8,13,15,22,23,26,32,35,40,42,48,52,59,68,71,74,75,79
0,0,0,0,0,0,0,0,0,0,0,0,0,0,0,0,0,0,0,0
0,0,0,0,0,0,0,0,0,0,0,0,0,0,0,0,0,0,0,0
0,0,0,0,0,0,0,0,0,0,0,0,0,0,0,0,0,0,0,0
0,0,0,0,0,0,0,0,0,0,0,0,0,0,0,0,0,0,0,0
0,0,0,0,0,0,0,0,0,0,0,0,0,0,0,0,0,0,0,0
0,0,0,0,0,0,0,0,0,0,0,0,0,0,0,0,0,0,0,0
0,0,0,0,0,0,0,0,0,0,0,0,0,0,0,0,0,0,0,0
0,0,0,0,0,0,0,0,0,0,0,0,0,0,0,0,0,0,0,0
0,0,0,3,0,0,0,0,0,0,0,0,0,0,0,0,0,0,0,0
0,0,0,54,0,0,0,0,0,0,0,0,0,0,19,51,0,0,0,0
0,0,0,70,9,6,0,27,0,0,0,0,43,0,58,31,0,0,0,0
67,0,60,24,2,78,0,47,63,0,62,0,41,0,12,28,34,0,0,17
10,0,53,56,1,21,0,44,37,65,80,77,18,0,66,69,33,0,38,57
26,8,71,52,14,15,32,74,35,30,59,20,64,75,11,5,42,72,39,68
40,23,25,45,50,46,48,61,4,13,36,73,55,22,76,29,79,49,16,7
0,0,0,0,0,0,0,0,0,0,0,0,0,0,0,0,0,0,0,0
0,0,0,0,0,0,0,0,0,0,0,0,0,0,0,0,0,0,0,0
0,0,0,0,0,0,0,0,0,0,0,0,0,0,0,0,0,0,0,0
0,0,0,0,0,0,0,0,0,0,0,0,0,0,0,0,0,0,0,0
0,0,0,0,0,0,0,0,0,0,0,0,0,0,0,0,0,0,0,0
0,0,0,0,0,0,0,0,0,0,0,0,0,0,0,0,0,0,0,0
0,0,0,0,0,0,0,0,0,0,0,0,0,0,0,0,0,0,0,0
0,0,0,0,0,0,0,0,0,0,0,0,0,0,0,0,0,0,0,0
0,0,0,0,0,0,0,0,0,0,0,0,0,0,62,0,0,0,0,0
0,6,0,0,0,0,0,0,0,0,0,0,0,0,47,0,0,0,0,0
0,9,0,0,0,0,0,31,0,0,34,38,0,0,60,67,63,0,0,0
0,3,0,0,17,19,0,21,0,43,37,54,0,51,65,69,70,78,77,0
2,12,0,0,11,18,27,20,41,44,24,39,53,58,56,64,57,72,66,0
1,5,8,10,15,14,28,26,32,35,30,42,33,52,59,68,71,74,75,80
4,7,13,16,22,23,25,29,36,40,45,46,48,49,50,55,61,73,76,79
