2015-06-16
0,0,0,0,0,0,0,0,0,0,0,0,0,0,0,0,0,0,0,0
0,0,0,0,0,0,0,0,0,0,0,0,0,0,0,0,0,0,0,0
0,0,0,0,0,0,0,0,0,0,0,0,0,0,0,0,0,0,0,0
0,0,0,0,0,0,0,0,0,0,0,0,0,0,0,0,0,0,0,0
0,0,0,0,0,0,0,0,0,0,0,0,0,0,0,0,0,0,0,0
0,0,0,0,0,0,0,0,0,0,0,0,0,0,0,0,0,0,0,0
0,0,0,0,0,0,0,0,0,0,0,0,0,0,0,0,0,0,0,0
0,0,0,0,0,0,0,0,0,0,0,0,0,0,0,0,0,0,0,0
0,0,0,0,0,0,0,0,0,0,0,0,0,0,0,0,0,8,0,0
0,0,0,0,4,48,0,0,0,0,0,0,0,0,0,0,0,25,38,0
0,0,14,0,10,37,0,0,0,0,0,0,0,33,0,0,0,73,15,47
0,56,31,0,35,21,62,32,0,0,51,0,0,34,0,68,0,36,43,71
0,74,19,0,69,58,20,18,0,16,13,42,52,78,55,44,17,65,61,50
66,12,27,24,2,26,77,40,0,53,79,60,22,49,67,6,1,5,54,7
46,57,75,45,9,80,3,41,64,23,76,11,30,59,29,72,28,39,63,70
0,0,0,0,0,0,0,0,0,0,0,0,0,0,0,0,0,0,0,0
0,0,0,0,0,0,0,0,0,0,0,0,0,0,0,0,0,0,0,0
0,0,0,0,0,0,0,0,0,0,0,0,0,0,0,0,0,0,0,0
0,0,0,0,0,0,0,0,0,0,0,0,0,0,0,0,0,0,0,0
0,0,0,0,0,0,0,0,0,0,0,0,0,0,0,0,0,0,0,0
0,0,0,0,0,0,0,0,0,0,0,0,0,0,0,0,0,0,0,0
0,0,0,0,0,0,0,0,0,0,0,0,0,0,0,0,0,0,0,0
0,0,0,0,0,0,0,0,0,0,0,0,0,0,0,0,0,0,0,0
0,0,0,0,0,0,0,0,0,0,0,0,0,47,0,0,0,0,0,0
0,0,0,0,0,17,0,0,38,0,0,43,0,48,0,0,0,0,0,0
0,0,8,0,15,24,0,0,25,34,0,56,0,61,0,0,0,0,0,0
0,0,10,14,20,16,0,33,35,42,0,51,0,60,0,0,71,73,0,0
0,4,13,18,19,32,37,31,44,36,0,52,54,55,0,62,65,69,74,78
1,2,5,6,7,21,12,22,26,27,50,40,49,53,58,68,66,67,77,79
3,9,11,23,28,29,30,39,41,45,46,57,59,63,64,70,72,75,76,80
0,0,0,0,0,0,0,0,0,0,0,0,0,0,0,0,0,0,0,0
0,0,0,0,0,0,0,0,0,0,0,0,0,0,0,0,0,0,0,0
0,0,0,0,0,0,0,0,0,0,0,0,0,0,0,0,0,0,0,0
0,0,0,0,0,0,0,0,0,0,0,0,0,0,0,0,0,0,0,0
0,0,0,0,0,0,0,0,0,0,0,0,0,0,0,0,0,0,0,0
0,0,0,0,0,0,0,0,0,0,0,0,0,0,0,0,0,0,0,0
0,0,0,0,0,0,0,0,0,0,0,0,0,0,0,0,0,0,0,0
0,0,0,0,0,0,0,0,0,0,0,0,0,0,0,0,0,8,0,0
0,0,0,0,0,0,0,0,0,0,0,0,0,0,0,0,0,25,0,0
0,0,0,0,0,48,0,0,0,0,0,0,0,0,0,0,0,73,0,0
0,0,0,0,4,37,62,32,0,0,0,0,0,0,0,0,0,36,0,47
0,56,14,0,10,21,20,18,0,0,13,0,0,33,0,68,17,65,38,71
0,74,27,0,69,58,77,40,0,16,79,42,22,34,55,44,1,5,43,50
66,12,75,45,9,80,3,41,64,53,76,11,30,49,29,6,28,39,61,70
59,60,72,78,23,31,57,15,52,63,54,26,46,2,7,24,35,19,51,67
0,0,0,0,0,0,0,0,0,0,0,0,0,0,0,0,0,0,0,0
0,0,0,0,0,0,0,0,0,0,0,0,0,0,0,0,0,0,0,0
0,0,0,0,0,0,0,0,0,0,0,0,0,0,0,0,0,0,0,0
0,0,0,0,0,0,0,0,0,0,0,0,0,0,0,0,0,0,0,0
0,0,0,0,0,0,0,0,0,0,0,0,0,0,0,0,0,0,0,0
0,0,0,0,0,0,0,0,0,0,0,0,0,0,0,0,0,0,0,0
0,0,0,0,0,0,0,0,0,0,0,0,0,0,0,0,0,0,0,0
0,0,0,0,0,0,0,0,0,0,0,0,0,0,0,0,0,0,0,0
0,0,0,0,0,0,0,0,0,0,0,0,0,0,0,0,0,0,0,0
0,0,8,0,0,17,0,0,0,34,0,0,0,47,0,0,0,0,0,0
0,0,10,0,0,16,0,0,38,42,0,0,0,48,0,0,0,0,0,0
0,0,13,14,0,32,37,33,25,36,0,43,0,61,0,62,71,73,74,0
1,4,5,18,20,21,12,22,44,27,0,56,0,55,58,68,65,69,77,79
3,9,11,6,28,29,30,39,41,45,50,40,49,53,64,70,66,75,76,80
2,7,15,19,23,24,26,31,35,46,51,52,54,57,59,60,63,67,72,78
