2015-06-23
0,0,0,0,0,0,0,0,0,0,0,0,0,0,0,0,0,0,0,0
0,0,0,0,0,0,0,0,0,0,0,0,0,0,0,0,0,0,0,0
0,0,0,0,0,0,0,0,0,0,0,0,0,0,0,0,0,0,0,0
0,0,0,0,0,0,0,0,0,0,0,0,0,0,0,0,0,0,0,0
0,0,0,0,0,0,0,0,0,0,0,0,0,0,0,0,0,0,0,0
0,0,0,0,0,0,0,0,0,0,0,0,0,0,0,0,0,0,0,0
0,0,0,0,0,0,0,0,0,0,0,0,0,0,0,0,0,0,0,0
0,0,0,0,0,0,0,0,0,0,0,0,0,0,0,0,0,0,0,0
0,0,0,0,0,0,0,0,0,0,0,0,0,0,0,0,0,0,0,70
0,0,0,0,0,0,0,41,0,16,0,0,0,32,0,0,0,0,0,43
0,0,0,0,0,0,0,15,0,20,79,0,69,40,0,6,0,0,0,12
59,74,0,0,0,0,0,42,0,38,60,0,80,50,0,61,35,0,0,34
64,22,72,46,4,76,78,65,0,66,63,37,10,2,0,3,28,71,51,52
30,47,53,24,13,31,58,67,33,73,8,27,68,5,19,1,11,17,55,45
25,36,62,56,26,75,54,23,29,7,14,18,44,21,57,49,77,9,48,39
0,0,0,0,0,0,0,0,0,0,0,0,0,0,0,0,0,0,0,0
0,0,0,0,0,0,0,0,0,0,0,0,0,0,0,0,0,0,0,0
0,0,0,0,0,0,0,0,0,0,0,0,0,0,0,0,0,0,0,0
0,0,0,0,0,0,0,0,0,0,0,0,0,0,0,0,0,0,0,0
0,0,0,0,0,0,0,0,0,0,0,0,0,0,0,0,0,0,0,0
0,0,0,0,0,0,0,0,0,0,0,0,0,0,0,0,0,0,0,0
0,0,0,0,0,0,0,0,0,0,0,0,0,0,0,0,0,0,0,0
0,0,0,0,0,0,0,0,0,0,0,0,0,0,0,0,0,0,0,0
0,0,0,0,0,0,0,0,0,0,0,0,0,0,0,0,0,0,74,0
0,0,0,0,0,0,0,0,41,0,51,0,0,0,0,70,0,0,72,0
0,0,0,0,0,0,0,22,35,0,43,0,0,0,59,60,0,0,69,0
0,4,0,0,0,16,32,38,28,0,50,0,0,0,64,65,0,76,78,79
2,3,15,6,12,10,20,13,19,42,37,0,46,40,52,55,0,63,66,80
1,5,8,11,17,24,34,27,30,31,33,45,47,61,53,58,71,67,68,73
7,9,14,18,21,23,25,26,29,36,39,44,48,49,54,56,57,62,75,77
0,0,0,0,0,0,0,0,0,0,0,0,0,0,0,0,0,0,0,0
0,0,0,0,0,0,0,0,0,0,0,0,0,0,0,0,0,0,0,0
0,0,0,0,0,0,0,0,0,0,0,0,0,0,0,0,0,0,0,0
0,0,0,0,0,0,0,0,0,0,0,0,0,0,0,0,0,0,0,0
0,0,0,0,0,0,0,0,0,0,0,0,0,0,0,0,0,0,0,0
0,0,0,0,0,0,0,0,0,0,0,0,0,0,0,0,0,0,0,0
0,0,0,0,0,0,0,0,0,0,0,0,0,0,0,0,0,0,0,0
0,0,0,0,0,0,0,0,0,0,0,0,0,0,0,0,0,0,0,0
0,0,0,0,0,0,0,0,0,16,0,0,0,0,0,0,0,0,0,70
0,0,0,0,0,0,0,0,0,20,0,0,0,0,0,0,0,0,0,43
0,0,0,0,0,0,0,15,0,38,60,0,0,40,0,0,35,0,0,12
0,0,72,0,0,0,0,42,0,66,63,0,69,50,0,6,28,71,51,34
64,74,53,46,4,76,78,65,0,73,8,37,80,2,19,61,11,17,55,45
25,22,62,24,13,31,54,23,29,7,14,18,68,5,57,49,77,9,48,39
26,41,30,32,10,79,56,67,75,44,33,36,47,21,27,59,52,3,1,58
0,0,0,0,0,0,0,0,0,0,0,0,0,0,0,0,0,0,0,0
0,0,0,0,0,0,0,0,0,0,0,0,0,0,0,0,0,0,0,0
0,0,0,0,0,0,0,0,0,0,0,0,0,0,0,0,0,0,0,0
0,0,0,0,0,0,0,0,0,0,0,0,0,0,0,0,0,0,0,0
0,0,0,0,0,0,0,0,0,0,0,0,0,0,0,0,0,0,0,0
0,0,0,0,0,0,0,0,0,0,0,0,0,0,0,0,0,0,0,0
0,0,0,0,0,0,0,0,0,0,0,0,0,0,0,0,0,0,0,0
0,0,0,0,0,0,0,0,0,0,0,0,0,0,0,0,0,0,0,0
0,0,0,0,0,0,0,0,0,0,0,0,0,0,0,0,0,0,74,0
0,0,0,0,0,0,0,0,0,0,51,0,0,0,0,0,0,0,72,0
0,0,0,0,0,0,0,0,35,0,43,0,0,0,0,70,0,0,69,0
0,4,15,6,0,16,20,22,28,0,50,0,0,40,64,60,0,76,78,80
2,5,8,11,12,24,34,38,19,42,37,0,46,61,53,65,71,63,66,73
7,9,14,18,17,23,25,13,29,31,39,45,48,49,54,55,57,62,68,77
1,3,10,21,26,27,30,32,33,36,41,44,47,52,56,58,59,67,75,79
