2015-09-11
0,0,0,0,0,0,0,0,0,0,0,0,0,0,0,0,0,0,0,0
0,0,0,0,0,0,0,0,0,0,0,0,0,0,0,0,0,0,0,0
0,0,0,0,0,0,0,0,0,0,0,0,0,0,0,0,0,0,0,0
0,0,0,0,0,0,0,0,0,0,0,0,0,0,0,0,0,0,0,0
0,0,0,0,0,0,0,0,0,0,0,0,0,0,0,0,0,0,0,0
0,0,0,0,0,0,0,0,0,0,0,0,0,0,0,0,0,0,0,0
0,0,0,0,0,0,0,0,0,0,0,0,0,0,0,0,0,0,0,0
0,0,0,0,0,0,0,0,0,0,0,0,0,0,0,0,0,0,0,0
0,0,0,0,0,0,0,66,0,0,0,0,0,0,0,0,0,0,0,0
0,0,0,0,0,0,0,8,0,0,0,0,0,0,0,0,35,0,56,0
0,0,0,25,0,0,0,59,0,0,0,0,0,52,0,0,28,0,37,0
0,6,0,5,0,79,0,64,20,65,71,0,0,77,31,0,80,0,54,60
55,67,0,72,4,39,9,51,17,30,26,63,45,49,14,10,7,32,73,12
69,3,11,70,16,29,38,21,75,42,57,36,53,27,18,61,1,76,23,24
46,48,22,13,2,15,68,40,50,44,78,43,58,74,19,34,47,62,33,41
0,0,0,0,0,0,0,0,0,0,0,0,0,0,0,0,0,0,0,0
0,0,0,0,0,0,0,0,0,0,0,0,0,0,0,0,0,0,0,0
0,0,0,0,0,0,0,0,0,0,0,0,0,0,0,0,0,0,0,0
0,0,0,0,0,0,0,0,0,0,0,0,0,0,0,0,0,0,0,0
0,0,0,0,0,0,0,0,0,0,0,0,0,0,0,0,0,0,0,0
0,0,0,0,0,0,0,0,0,0,0,0,0,0,0,0,0,0,0,0
0,0,0,0,0,0,0,0,0,0,0,0,0,0,0,0,0,0,0,0
0,0,0,0,0,0,0,0,0,0,0,0,0,0,0,0,0,0,0,0
0,0,0,0,0,0,0,0,0,0,0,0,0,0,0,0,0,0,0,0
0,0,0,0,0,20,0,0,0,0,0,0,55,0,56,0,0,0,0,0
0,0,0,0,0,28,0,0,35,0,0,0,54,0,52,0,66,71,76,0
0,5,0,0,9,17,25,32,26,0,0,0,36,59,60,0,64,65,77,0
4,6,8,10,11,12,14,31,30,37,0,0,49,39,57,63,73,67,75,79
1,3,7,16,18,21,23,24,27,29,38,45,42,51,53,72,61,69,70,80
2,13,15,19,22,33,34,40,41,43,44,46,47,48,50,58,62,68,74,78
0,0,0,0,0,0,0,0,0,0,0,0,0,0,0,0,0,0,0,0
0,0,0,0,0,0,0,0,0,0,0,0,0,0,0,0,0,0,0,0
0,0,0,0,0,0,0,0,0,0,0,0,0,0,0,0,0,0,0,0
0,0,0,0,0,0,0,0,0,0,0,0,0,0,0,0,0,0,0,0
0,0,0,0,0,0,0,0,0,0,0,0,0,0,0,0,0,0,0,0
0,0,0,0,0,0,0,0,0,0,0,0,0,0,0,0,0,0,0,0
0,0,0,0,0,0,0,0,0,0,0,0,0,0,0,0,0,0,0,0
0,0,0,0,0,0,0,0,0,0,0,0,0,0,0,0,0,0,0,0
0,0,0,0,0,0,0,0,0,0,0,0,0,0,0,0,0,0,56,0
0,0,0,25,0,0,0,0,0,0,0,0,0,0,0,0,0,0,37,0
0,0,0,5,0,0,0,66,0,0,0,0,0,0,0,0,0,0,54,60
0,67,0,72,4,79,9,59,20,0,26,0,0,52,31,0,0,32,73,12
55,3,11,70,16,29,38,64,17,42,57,63,53,49,18,10,1,76,23,24
46,48,22,13,2,15,68,40,75,44,78,43,58,27,19,61,47,62,33,41
71,65,14,50,6,36,77,7,34,69,80,28,39,30,21,45,74,35,8,51
0,0,0,0,0,0,0,0,0,0,0,0,0,0,0,0,0,0,0,0
0,0,0,0,0,0,0,0,0,0,0,0,0,0,0,0,0,0,0,0
0,0,0,0,0,0,0,0,0,0,0,0,0,0,0,0,0,0,0,0
0,0,0,0,0,0,0,0,0,0,0,0,0,0,0,0,0,0,0,0
0,0,0,0,0,0,0,0,0,0,0,0,0,0,0,0,0,0,0,0
0,0,0,0,0,0,0,0,0,0,0,0,0,0,0,0,0,0,0,0
0,0,0,0,0,0,0,0,0,0,0,0,0,0,0,0,0,0,0,0
0,0,0,0,0,0,0,0,0,0,0,0,0,0,0,0,0,0,0,0
0,0,0,0,0,0,0,0,0,0,0,0,0,0,0,0,0,0,0,0
0,0,0,0,0,0,0,0,0,0,0,0,55,0,56,0,66,0,0,0
0,0,0,0,9,20,0,32,0,0,0,0,54,0,52,0,64,0,0,0
4,5,0,10,11,17,0,31,26,37,0,0,49,0,60,63,73,0,76,0
1,3,0,16,18,12,25,24,27,29,38,0,42,59,57,72,61,67,75,79
2,13,15,19,22,33,23,40,41,43,44,46,47,48,53,58,62,68,70,78
6,7,8,14,21,28,30,34,35,36,39,45,50,51,65,69,71,74,77,80
