2015-09-14
0,0,0,0,0,0,0,0,0,0,0,0,0,0,0,0,0,0,0,0
0,0,0,0,0,0,0,0,0,0,0,0,0,0,0,0,0,0,0,0
0,0,0,0,0,0,0,0,0,0,0,0,0,0,0,0,0,0,0,0
0,0,0,0,0,0,0,0,0,0,0,0,0,0,0,0,0,0,0,0
0,0,0,0,0,0,0,0,0,0,0,0,0,0,0,0,0,0,0,0
0,0,0,0,0,0,0,0,0,0,0,0,0,0,0,0,0,0,0,0
0,0,0,0,0,0,0,0,0,0,0,0,0,0,0,0,0,0,0,0
0,0,0,0,0,0,0,0,0,0,0,0,0,0,0,0,0,0,0,0
0,0,0,0,0,0,0,0,0,0,0,0,0,0,0,0,0,0,56,0
0,0,0,5,0,0,0,0,0,0,26,0,0,0,0,0,0,0,37,0
0,0,11,70,0,79,0,0,17,0,57,0,0,0,31,0,0,0,23,0
55,67,22,13,0,15,9,59,75,42,78,0,0,49,18,0,0,0,33,0
71,65,14,50,6,36,38,64,34,44,80,43,0,27,21,0,0,32,8,60
47,40,7,68,39,51,12,58,1,73,19,28,2,24,45,61,0,76,29,41
35,72,77,48,3,66,4,30,20,53,69,74,16,25,52,54,62,63,10,46
0,0,0,0,0,0,0,0,0,0,0,0,0,0,0,0,0,0,0,0
0,0,0,0,0,0,0,0,0,0,0,0,0,0,0,0,0,0,0,0
0,0,0,0,0,0,0,0,0,0,0,0,0,0,0,0,0,0,0,0
0,0,0,0,0,0,0,0,0,0,0,0,0,0,0,0,0,0,0,0
0,0,0,0,0,0,0,0,0,0,0,0,0,0,0,0,0,0,0,0
0,0,0,0,0,0,0,0,0,0,0,0,0,0,0,0,0,0,0,0
0,0,0,0,0,0,0,0,0,0,0,0,0,0,0,0,0,0,0,0
0,0,0,0,0,0,0,0,0,0,0,0,0,0,0,0,0,0,0,0
0,0,0,0,9,0,0,0,0,0,0,0,0,0,0,0,0,0,0,0
0,0,0,0,11,0,0,0,0,0,0,0,55,0,0,0,0,0,0,0
0,0,0,0,18,17,0,0,26,37,0,0,49,0,56,0,0,0,0,79
0,5,15,0,22,33,0,32,27,43,38,0,42,0,60,0,64,0,76,78
6,13,8,14,21,28,23,31,41,36,44,0,50,0,57,0,61,67,75,80
1,2,7,12,19,24,29,34,39,40,45,47,51,59,65,58,71,68,70,73
3,4,10,16,20,25,30,35,46,48,52,53,54,62,63,66,69,72,74,77
0,0,0,0,0,0,0,0,0,0,0,0,0,0,0,0,0,0,0,0
0,0,0,0,0,0,0,0,0,0,0,0,0,0,0,0,0,0,0,0
0,0,0,0,0,0,0,0,0,0,0,0,0,0,0,0,0,0,0,0
0,0,0,0,0,0,0,0,0,0,0,0,0,0,0,0,0,0,0,0
0,0,0,0,0,0,0,0,0,0,0,0,0,0,0,0,0,0,0,0
0,0,0,0,0,0,0,0,0,0,0,0,0,0,0,0,0,0,0,0
0,0,0,0,0,0,0,0,0,0,0,0,0,0,0,0,0,0,0,0
0,0,0,0,0,0,0,0,0,0,0,0,0,0,0,0,0,0,0,0
0,0,0,0,0,0,0,0,0,0,0,0,0,0,0,0,0,0,0,0
0,0,0,5,0,0,0,0,0,0,0,0,0,0,31,0,0,0,37,0
0,0,0,70,0,79,9,0,17,0,57,0,0,0,18,0,0,0,23,0
55,0,11,50,0,15,38,59,75,42,80,0,0,49,21,0,0,0,8,0
71,40,14,68,6,51,12,58,34,44,19,43,0,24,45,61,0,76,29,60
35,72,77,48,39,66,4,30,20,53,69,28,2,25,52,54,62,63,10,46
3,36,74,41,1,7,32,78,73,67,22,65,16,33,26,27,13,56,47,64
0,0,0,0,0,0,0,0,0,0,0,0,0,0,0,0,0,0,0,0
0,0,0,0,0,0,0,0,0,0,0,0,0,0,0,0,0,0,0,0
0,0,0,0,0,0,0,0,0,0,0,0,0,0,0,0,0,0,0,0
0,0,0,0,0,0,0,0,0,0,0,0,0,0,0,0,0,0,0,0
0,0,0,0,0,0,0,0,0,0,0,0,0,0,0,0,0,0,0,0
0,0,0,0,0,0,0,0,0,0,0,0,0,0,0,0,0,0,0,0
0,0,0,0,0,0,0,0,0,0,0,0,0,0,0,0,0,0,0,0
0,0,0,0,0,0,0,0,0,0,0,0,0,0,0,0,0,0,0,0
0,0,0,0,9,0,0,0,0,0,0,0,55,0,0,0,0,0,0,0
0,0,0,0,11,0,0,0,0,0,0,0,49,0,0,0,0,0,0,0
0,0,0,0,18,17,0,0,0,37,38,0,42,0,0,0,0,0,0,0
0,5,15,0,21,28,23,31,0,43,44,0,50,0,60,0,61,0,76,79
0,2,8,14,19,24,29,34,39,40,45,0,51,59,57,58,71,68,75,80
6,4,10,12,20,25,30,35,46,48,52,53,54,62,63,66,69,72,70,77
1,3,7,13,16,22,26,27,32,33,36,41,47,56,64,65,67,73,74,78
