2015-12-07
0,0,0,0,0,0,0,0,0,0,0,0,0,0,0,0,0,0,0,0
0,0,0,0,0,0,0,0,0,0,0,0,0,0,0,0,0,0,0,0
0,0,0,0,0,0,0,0,0,0,0,0,0,0,0,0,0,0,0,0
0,0,0,0,0,0,0,0,0,0,0,0,0,0,0,0,0,0,0,0
0,0,0,0,0,0,0,0,0,0,0,0,0,0,0,0,0,0,0,0
0,0,0,0,0,0,0,0,0,0,0,0,0,0,0,0,0,0,0,0
0,0,0,0,0,0,0,0,0,0,0,0,0,0,0,0,0,0,0,0
0,0,0,0,0,0,0,0,0,0,0,0,0,0,0,0,0,0,0,0
0,0,0,0,0,0,0,0,0,0,0,0,0,0,7,0,0,0,0,0
0,0,0,0,0,32,0,0,0,0,0,0,0,0,70,0,0,0,0,0
0,0,0,0,0,6,0,29,0,0,0,0,0,0,59,60,0,42,36,0
0,0,0,64,55,8,52,48,44,0,72,74,0,18,37,31,0,22,75,78
54,0,58,47,62,23,67,12,26,0,63,9,0,35,10,17,21,5,4,49
38,69,24,41,43,51,1,56,30,25,77,13,28,19,33,15,80,50,40,61
45,46,34,76,66,27,2,14,53,73,16,79,20,11,39,68,57,71,65,3
0,0,0,0,0,0,0,0,0,0,0,0,0,0,0,0,0,0,0,0
0,0,0,0,0,0,0,0,0,0,0,0,0,0,0,0,0,0,0,0
0,0,0,0,0,0,0,0,0,0,0,0,0,0,0,0,0,0,0,0
0,0,0,0,0,0,0,0,0,0,0,0,0,0,0,0,0,0,0,0
0,0,0,0,0,0,0,0,0,0,0,0,0,0,0,0,0,0,0,0
0,0,0,0,0,0,0,0,0,0,0,0,0,0,0,0,0,0,0,0
0,0,0,0,0,0,0,0,0,0,0,0,0,0,0,0,0,0,0,0
0,0,0,0,0,0,0,0,0,0,0,0,0,0,0,0,0,0,0,0
0,0,0,0,0,0,0,0,37,0,0,0,0,0,0,0,0,0,0,0
0,0,0,0,18,0,0,0,36,0,0,52,0,0,0,0,0,0,0,0
0,7,0,0,21,29,0,0,35,0,47,48,0,0,0,0,64,0,0,0
0,6,8,17,10,22,0,0,44,0,55,58,0,0,59,0,74,60,0,0
0,4,9,12,23,26,32,31,38,42,54,49,62,0,63,67,69,72,75,70
1,5,13,15,19,24,25,28,30,33,40,41,43,50,51,56,61,78,77,80
2,3,11,14,16,20,27,34,39,45,46,53,57,65,66,68,71,73,76,79
0,0,0,0,0,0,0,0,0,0,0,0,0,0,0,0,0,0,0,0
0,0,0,0,0,0,0,0,0,0,0,0,0,0,0,0,0,0,0,0
0,0,0,0,0,0,0,0,0,0,0,0,0,0,0,0,0,0,0,0
0,0,0,0,0,0,0,0,0,0,0,0,0,0,0,0,0,0,0,0
0,0,0,0,0,0,0,0,0,0,0,0,0,0,0,0,0,0,0,0
0,0,0,0,0,0,0,0,0,0,0,0,0,0,0,0,0,0,0,0
0,0,0,0,0,0,0,0,0,0,0,0,0,0,0,0,0,0,0,0
0,0,0,0,0,0,0,0,0,0,0,0,0,0,0,0,0,0,0,0
0,0,0,0,0,0,0,0,0,0,0,0,0,0,0,0,0,0,0,0
0,0,0,0,0,32,0,0,0,0,0,0,0,0,0,0,0,0,0,0
0,0,0,64,0,6,52,29,0,0,72,74,0,0,70,60,0,0,0,0
0,0,0,47,55,8,67,48,44,0,63,9,0,0,59,31,21,42,36,78
0,69,58,41,62,51,1,56,26,0,77,13,28,18,10,17,80,5,75,49
54,46,34,76,43,27,2,14,53,0,16,79,20,19,39,68,57,71,40,61
33,25,11,22,73,50,7,30,35,4,37,23,66,15,24,65,3,12,38,45
0,0,0,0,0,0,0,0,0,0,0,0,0,0,0,0,0,0,0,0
0,0,0,0,0,0,0,0,0,0,0,0,0,0,0,0,0,0,0,0
0,0,0,0,0,0,0,0,0,0,0,0,0,0,0,0,0,0,0,0
0,0,0,0,0,0,0,0,0,0,0,0,0,0,0,0,0,0,0,0
0,0,0,0,0,0,0,0,0,0,0,0,0,0,0,0,0,0,0,0
0,0,0,0,0,0,0,0,0,0,0,0,0,0,0,0,0,0,0,0
0,0,0,0,0,0,0,0,0,0,0,0,0,0,0,0,0,0,0,0
0,0,0,0,0,0,0,0,0,0,0,0,0,0,0,0,0,0,0,0
0,0,0,0,0,0,0,0,0,0,0,52,0,0,0,0,0,0,0,0
0,0,0,0,18,0,0,0,0,0,47,48,0,0,0,0,64,0,0,0
0,0,0,0,21,0,0,0,0,0,55,58,0,0,0,0,74,0,0,0
0,0,8,0,10,29,0,31,36,0,54,49,62,0,59,67,69,60,75,70
1,6,9,17,19,26,32,28,44,0,40,41,43,0,63,56,61,72,77,80
2,5,13,14,16,20,27,34,39,42,46,53,57,0,51,68,71,78,76,79
3,4,7,11,12,15,22,23,24,25,30,33,35,37,38,45,50,65,66,73
