2015-12-17
0,0,0,0,0,0,0,0,0,0,0,0,0,0,0,0,0,0,0,0
0,0,0,0,0,0,0,0,0,0,0,0,0,0,0,0,0,0,0,0
0,0,0,0,0,0,0,0,0,0,0,0,0,0,0,0,0,0,0,0
0,0,0,0,0,0,0,0,0,0,0,0,0,0,0,0,0,0,0,0
0,0,0,0,0,0,0,0,0,0,0,0,0,0,0,0,0,0,0,0
0,0,0,0,0,0,0,0,0,0,0,0,0,0,0,0,0,0,0,0
0,0,0,0,0,0,0,0,0,0,0,0,0,0,0,0,0,0,0,0
0,0,0,0,0,0,0,0,0,0,0,0,0,0,0,0,0,0,0,0
0,0,0,0,0,0,0,0,0,0,0,0,0,0,0,0,0,0,0,0
0,0,0,0,0,0,2,0,0,0,0,0,0,0,0,0,0,0,0,45
0,51,34,0,0,0,7,0,35,0,0,0,0,0,16,0,0,0,0,54
0,78,8,22,0,0,30,11,73,15,69,0,0,0,66,71,57,0,75,46
0,60,23,52,5,17,68,76,62,77,39,9,42,37,41,80,44,56,12,13
64,63,38,10,19,61,59,79,20,58,55,72,1,43,27,32,74,40,3,50
31,6,49,47,53,28,25,18,67,70,29,21,14,36,65,4,24,33,48,26
0,0,0,0,0,0,0,0,0,0,0,0,0,0,0,0,0,0,0,0
0,0,0,0,0,0,0,0,0,0,0,0,0,0,0,0,0,0,0,0
0,0,0,0,0,0,0,0,0,0,0,0,0,0,0,0,0,0,0,0
0,0,0,0,0,0,0,0,0,0,0,0,0,0,0,0,0,0,0,0
0,0,0,0,0,0,0,0,0,0,0,0,0,0,0,0,0,0,0,0
0,0,0,0,0,0,0,0,0,0,0,0,0,0,0,0,0,0,0,0
0,0,0,0,0,0,0,0,0,0,0,0,0,0,0,0,0,0,0,0
0,0,9,0,0,0,0,0,0,0,0,0,0,0,0,0,0,0,0,0
0,0,7,0,0,0,0,0,0,0,0,0,0,0,0,0,0,0,0,0
0,0,8,0,0,0,0,0,0,0,0,0,0,0,0,45,71,0,0,0
0,0,11,0,0,0,0,0,52,0,0,0,0,0,0,54,69,0,75,0
2,15,17,16,0,0,0,34,39,46,0,0,35,0,64,73,68,0,72,78
5,10,12,13,0,30,0,51,41,42,44,57,56,0,60,66,62,76,77,80
1,3,19,20,23,27,22,37,32,38,40,43,50,55,58,59,61,63,74,79
4,6,14,18,21,24,25,26,28,29,31,33,36,47,48,49,53,65,67,70
0,0,0,0,0,0,0,0,0,0,0,0,0,0,0,0,0,0,0,0
0,0,0,0,0,0,0,0,0,0,0,0,0,0,0,0,0,0,0,0
0,0,0,0,0,0,0,0,0,0,0,0,0,0,0,0,0,0,0,0
0,0,0,0,0,0,0,0,0,0,0,0,0,0,0,0,0,0,0,0
0,0,0,0,0,0,0,0,0,0,0,0,0,0,0,0,0,0,0,0
0,0,0,0,0,0,0,0,0,0,0,0,0,0,0,0,0,0,0,0
0,0,0,0,0,0,0,0,0,0,0,0,0,0,0,0,0,0,0,0
0,0,0,0,0,0,0,0,0,0,0,0,0,0,0,0,0,0,0,0
0,0,0,0,0,0,0,0,0,0,0,0,0,0,0,0,0,0,0,0
0,0,0,0,0,0,2,0,0,0,0,0,0,0,0,0,0,0,0,0
0,0,34,22,0,0,7,0,0,0,0,0,0,0,66,0,0,0,0,45
0,78,8,52,5,17,30,11,62,15,0,9,0,0,41,0,44,0,75,13
64,63,38,10,19,61,68,79,20,77,55,72,42,37,27,71,74,56,3,50
31,6,49,47,53,28,25,18,67,70,29,21,1,36,65,80,24,40,48,26
76,35,57,69,4,33,14,51,12,39,16,23,54,58,32,73,60,46,43,59
0,0,0,0,0,0,0,0,0,0,0,0,0,0,0,0,0,0,0,0
0,0,0,0,0,0,0,0,0,0,0,0,0,0,0,0,0,0,0,0
0,0,0,0,0,0,0,0,0,0,0,0,0,0,0,0,0,0,0,0
0,0,0,0,0,0,0,0,0,0,0,0,0,0,0,0,0,0,0,0
0,0,0,0,0,0,0,0,0,0,0,0,0,0,0,0,0,0,0,0
0,0,0,0,0,0,0,0,0,0,0,0,0,0,0,0,0,0,0,0
0,0,0,0,0,0,0,0,0,0,0,0,0,0,0,0,0,0,0,0
0,0,0,0,0,0,0,0,0,0,0,0,0,0,0,0,0,0,0,0
0,0,9,0,0,0,0,0,0,0,0,0,0,0,0,0,0,0,0,0
0,0,7,0,0,0,0,0,0,0,0,0,0,0,0,0,71,0,75,0
0,15,8,0,0,0,0,0,0,0,0,0,0,0,0,0,68,0,72,78
2,10,11,13,0,30,0,34,52,42,44,0,56,0,0,45,62,0,77,80
5,3,17,20,0,27,22,37,41,38,40,0,50,55,64,66,61,63,74,79
1,6,19,18,21,24,25,26,28,29,31,0,36,47,48,49,53,65,67,70
4,12,14,16,23,32,33,35,39,43,46,51,54,57,58,59,60,69,73,76
