2016-01-20
0,0,0,0,0,0,0,0,0,0,0,0,0,0,0,0,0,0,0,0
0,0,0,0,0,0,0,0,0,0,0,0,0,0,0,0,0,0,0,0
0,0,0,0,0,0,0,0,0,0,0,0,0,0,0,0,0,0,0,0
0,0,0,0,0,0,0,0,0,0,0,0,0,0,0,0,0,0,0,0
0,0,0,0,0,0,0,0,0,0,0,0,0,0,0,0,0,0,0,0
0,0,0,0,0,0,0,0,0,0,0,0,0,0,0,0,0,0,0,0
0,0,0,0,0,0,0,0,0,0,0,0,0,0,0,0,0,0,0,0
0,0,0,0,0,0,0,0,0,0,0,0,0,0,0,0,0,0,0,0
0,0,0,0,13,0,0,0,0,0,0,0,0,0,0,0,0,0,0,0
0,0,0,14,15,0,0,0,0,0,18,79,0,0,0,0,0,0,0,0
0,0,0,59,67,0,0,0,0,0,9,40,0,0,0,0,0,0,54,0
0,0,0,62,33,0,0,2,27,45,68,28,0,0,51,77,71,39,12,0
70,26,75,73,36,43,32,76,58,57,34,46,0,74,22,61,52,38,11,0
66,29,17,64,60,30,31,55,53,47,25,80,42,44,7,10,4,63,3,48
1,69,19,6,72,21,50,16,49,78,5,24,56,65,37,8,35,41,20,23
0,0,0,0,0,0,0,0,0,0,0,0,0,0,0,0,0,0,0,0
0,0,0,0,0,0,0,0,0,0,0,0,0,0,0,0,0,0,0,0
0,0,0,0,0,0,0,0,0,0,0,0,0,0,0,0,0,0,0,0
0,0,0,0,0,0,0,0,0,0,0,0,0,0,0,0,0,0,0,0
0,0,0,0,0,0,0,0,0,0,0,0,0,0,0,0,0,0,0,0
0,0,0,0,0,0,0,0,0,0,0,0,0,0,0,0,0,0,0,0
0,0,0,0,0,0,0,0,0,0,0,0,0,0,0,0,0,0,0,0
0,0,0,0,0,0,0,0,0,0,0,0,0,0,0,0,0,0,0,0
0,0,0,0,0,0,0,0,0,0,0,0,0,0,0,0,0,0,0,0
0,0,0,0,0,0,0,0,0,43,0,0,0,0,0,0,71,70,0,0
0,0,15,32,0,0,0,0,0,51,0,0,0,0,0,0,61,74,0,77
0,0,9,18,13,39,0,33,0,38,0,45,48,46,0,0,57,62,0,79
2,14,10,12,26,40,22,34,27,36,54,52,44,66,67,59,73,76,0,75
3,4,7,11,17,28,25,29,30,31,42,47,58,53,55,60,63,64,68,80
1,5,6,8,16,19,20,21,23,24,35,37,41,49,50,56,65,69,72,78
0,0,0,0,0,0,0,0,0,0,0,0,0,0,0,0,0,0,0,0
0,0,0,0,0,0,0,0,0,0,0,0,0,0,0,0,0,0,0,0
0,0,0,0,0,0,0,0,0,0,0,0,0,0,0,0,0,0,0,0
0,0,0,0,0,0,0,0,0,0,0,0,0,0,0,0,0,0,0,0
0,0,0,0,0,0,0,0,0,0,0,0,0,0,0,0,0,0,0,0
0,0,0,0,0,0,0,0,0,0,0,0,0,0,0,0,0,0,0,0
0,0,0,0,0,0,0,0,0,0,0,0,0,0,0,0,0,0,0,0
0,0,0,0,0,0,0,0,0,0,0,0,0,0,0,0,0,0,0,0
0,0,0,0,0,0,0,0,0,0,0,79,0,0,0,0,0,0,0,0
0,0,0,14,15,0,0,0,0,0,18,40,0,0,0,0,0,0,0,0
0,0,0,59,67,0,0,0,0,0,68,28,0,0,51,0,0,39,0,0
0,26,0,62,33,43,0,0,58,57,34,46,0,74,22,77,0,38,0,0
70,29,0,73,36,30,0,2,53,47,25,80,0,44,7,61,4,63,54,48
66,69,19,64,60,21,31,76,49,78,5,24,56,65,37,8,35,41,12,23
6,55,50,10,20,1,52,27,75,11,32,16,17,3,71,45,42,13,9,72
0,0,0,0,0,0,0,0,0,0,0,0,0,0,0,0,0,0,0,0
0,0,0,0,0,0,0,0,0,0,0,0,0,0,0,0,0,0,0,0
0,0,0,0,0,0,0,0,0,0,0,0,0,0,0,0,0,0,0,0
0,0,0,0,0,0,0,0,0,0,0,0,0,0,0,0,0,0,0,0
0,0,0,0,0,0,0,0,0,0,0,0,0,0,0,0,0,0,0,0
0,0,0,0,0,0,0,0,0,0,0,0,0,0,0,0,0,0,0,0
0,0,0,0,0,0,0,0,0,0,0,0,0,0,0,0,0,0,0,0
0,0,0,0,0,0,0,0,0,0,0,0,0,0,0,0,0,0,0,0
0,0,0,0,0,0,0,0,0,43,0,0,0,0,0,0,0,70,0,0
0,0,0,0,0,0,0,0,0,51,0,0,0,0,0,0,61,74,0,0
0,0,0,0,0,39,0,33,0,38,0,0,48,46,0,0,57,62,0,77
0,14,0,18,0,40,0,34,0,36,0,0,44,66,0,59,73,76,0,79
0,4,15,12,0,28,22,29,30,31,54,47,58,53,0,60,63,64,0,80
2,5,7,8,26,19,25,21,23,24,35,37,41,49,67,56,65,69,68,78
1,3,6,9,10,11,13,16,17,20,27,32,42,45,50,52,55,71,72,75
