2016-02-11
0,0,0,0,0,0,0,0,0,0,0,0,0,0,0,0,0,0,0,0
0,0,0,0,0,0,0,0,0,0,0,0,0,0,0,0,0,0,0,0
0,0,0,0,0,0,0,0,0,0,0,0,0,0,0,0,0,0,0,0
0,0,0,0,0,0,0,0,0,0,0,0,0,0,0,0,0,0,0,0
0,0,0,0,0,0,0,0,0,0,0,0,0,0,0,0,0,0,0,0
0,0,0,0,0,0,0,0,0,0,0,0,0,0,0,0,0,0,0,0
0,0,0,0,0,0,0,0,0,0,0,0,0,0,0,0,0,0,0,0
0,0,0,0,0,0,0,0,0,0,0,0,0,0,0,0,0,0,0,0
0,0,0,0,0,0,0,0,0,0,0,0,19,0,0,0,0,0,0,0
0,0,0,0,0,0,0,0,0,0,0,33,79,0,0,0,13,0,45,0
0,0,0,0,0,0,35,57,0,0,63,52,73,0,0,0,27,0,11,0
47,64,30,22,0,0,4,49,0,0,9,39,76,0,0,15,18,38,65,53
8,50,48,69,3,0,29,72,0,0,74,78,67,0,60,26,2,1,36,24
62,17,25,44,7,10,31,34,0,56,51,61,21,0,5,77,46,6,59,55
20,80,66,42,68,41,32,43,12,23,14,75,28,54,58,70,37,16,40,71
0,0,0,0,0,0,0,0,0,0,0,0,0,0,0,0,0,0,0,0
0,0,0,0,0,0,0,0,0,0,0,0,0,0,0,0,0,0,0,0
0,0,0,0,0,0,0,0,0,0,0,0,0,0,0,0,0,0,0,0
0,0,0,0,0,0,0,0,0,0,0,0,0,0,0,0,0,0,0,0
0,0,0,0,0,0,0,0,0,0,0,0,0,0,0,0,0,0,0,0
0,0,0,0,0,0,0,0,0,0,0,0,0,0,0,0,0,0,0,0
0,0,0,0,0,0,0,0,0,0,0,0,0,0,0,0,0,0,0,0
0,0,0,0,0,0,0,0,0,0,0,0,0,0,0,0,0,0,0,0
0,0,0,0,0,0,0,0,0,0,0,0,0,0,0,0,0,0,0,0
0,0,0,0,0,0,0,0,0,0,0,0,0,0,0,0,0,0,0,0
0,11,15,13,0,22,0,0,0,0,0,49,0,0,0,0,0,0,0,79
3,4,18,9,0,19,0,38,30,0,47,52,33,53,0,57,63,64,0,76
1,2,8,7,0,26,27,29,35,45,48,50,39,60,69,65,67,72,73,78
6,10,5,17,21,25,24,31,36,34,44,46,51,55,56,59,61,62,74,77
12,14,16,20,23,28,32,37,40,41,42,43,54,58,66,68,70,71,75,80
0,0,0,0,0,0,0,0,0,0,0,0,0,0,0,0,0,0,0,0
0,0,0,0,0,0,0,0,0,0,0,0,0,0,0,0,0,0,0,0
0,0,0,0,0,0,0,0,0,0,0,0,0,0,0,0,0,0,0,0
0,0,0,0,0,0,0,0,0,0,0,0,0,0,0,0,0,0,0,0
0,0,0,0,0,0,0,0,0,0,0,0,0,0,0,0,0,0,0,0
0,0,0,0,0,0,0,0,0,0,0,0,0,0,0,0,0,0,0,0
0,0,0,0,0,0,0,0,0,0,0,0,0,0,0,0,0,0,0,0
0,0,0,0,0,0,0,0,0,0,0,0,19,0,0,0,0,0,0,0
0,0,0,0,0,0,0,0,0,0,0,0,79,0,0,0,0,0,0,0
0,0,0,0,0,0,0,0,0,0,0,33,73,0,0,0,0,0,0,0
47,0,30,0,0,0,0,57,0,0,0,52,76,0,0,0,0,38,45,0
8,0,48,0,3,0,35,49,0,0,0,39,67,0,0,0,13,1,11,53
62,50,25,22,7,10,4,72,0,56,63,61,21,0,60,26,2,6,59,55
20,80,66,69,68,41,29,34,12,23,74,75,28,54,58,77,46,16,40,71
37,43,5,14,78,18,32,17,36,15,42,24,9,65,51,27,70,31,64,44
0,0,0,0,0,0,0,0,0,0,0,0,0,0,0,0,0,0,0,0
0,0,0,0,0,0,0,0,0,0,0,0,0,0,0,0,0,0,0,0
0,0,0,0,0,0,0,0,0,0,0,0,0,0,0,0,0,0,0,0
0,0,0,0,0,0,0,0,0,0,0,0,0,0,0,0,0,0,0,0
0,0,0,0,0,0,0,0,0,0,0,0,0,0,0,0,0,0,0,0
0,0,0,0,0,0,0,0,0,0,0,0,0,0,0,0,0,0,0,0
0,0,0,0,0,0,0,0,0,0,0,0,0,0,0,0,0,0,0,0
0,0,0,0,0,0,0,0,0,0,0,0,0,0,0,0,0,0,0,0
0,0,0,0,0,0,0,0,0,0,0,0,0,0,0,0,0,0,0,0
0,0,0,0,0,22,0,0,0,0,0,0,0,0,0,0,0,0,0,0
3,11,0,0,0,19,0,0,0,0,0,49,0,53,0,0,0,0,0,79
1,4,0,13,0,26,0,0,30,45,0,52,33,60,69,57,63,72,73,76
6,2,8,7,21,25,0,38,35,34,47,50,39,55,56,59,67,62,74,77
12,10,16,20,23,28,0,29,40,41,48,46,54,58,66,68,61,71,75,80
5,9,14,15,17,18,24,27,31,32,36,37,42,43,44,51,64,65,70,78
