2016-02-18
0,0,0,0,0,0,0,0,0,0,0,0,0,0,0,0,0,0,0,0
0,0,0,0,0,0,0,0,0,0,0,0,0,0,0,0,0,0,0,0
0,0,0,0,0,0,0,0,0,0,0,0,0,0,0,0,0,0,0,0
0,0,0,0,0,0,0,0,0,0,0,0,0,0,0,0,0,0,0,0
0,0,0,0,0,0,0,0,0,0,0,0,0,0,0,0,0,0,0,0
0,0,0,0,0,0,0,0,0,0,0,0,0,0,0,0,0,0,0,0
0,0,0,0,0,0,0,0,0,0,0,0,0,0,0,0,0,0,0,0
0,0,0,0,0,0,0,0,0,0,0,0,0,0,0,0,0,0,0,0
0,0,0,0,0,0,35,0,0,0,0,0,0,0,0,0,0,0,0,0
0,0,0,0,0,0,29,49,0,0,0,0,0,0,58,0,0,0,0,0
0,0,0,0,78,5,73,17,8,0,63,0,0,0,69,0,0,0,45,0
0,0,0,71,27,23,6,67,12,0,74,0,21,0,4,0,0,16,59,53
39,43,1,15,48,62,79,2,41,0,75,54,28,65,46,0,0,36,64,33
7,34,31,56,30,68,26,57,47,0,55,9,14,61,40,50,76,20,66,51
52,25,38,22,11,80,42,18,19,32,70,60,37,13,72,44,24,77,3,10
0,0,0,0,0,0,0,0,0,0,0,0,0,0,0,0,0,0,0,0
0,0,0,0,0,0,0,0,0,0,0,0,0,0,0,0,0,0,0,0
0,0,0,0,0,0,0,0,0,0,0,0,0,0,0,0,0,0,0,0
0,0,0,0,0,0,0,0,0,0,0,0,0,0,0,0,0,0,0,0
0,0,0,0,0,0,0,0,0,0,0,0,0,0,0,0,0,0,0,0
0,0,0,0,0,0,0,0,0,0,0,0,0,0,0,0,0,0,0,0
0,0,0,0,0,0,0,0,0,0,0,0,0,0,0,0,0,0,0,0
0,0,0,0,0,0,0,0,0,0,0,0,0,0,0,0,0,0,0,0
0,0,0,0,0,0,0,0,0,0,0,0,0,0,0,0,0,0,0,0
0,0,0,0,0,0,0,0,0,0,0,0,0,53,0,0,0,0,0,78
0,5,16,0,0,0,0,0,0,45,0,0,0,58,0,0,63,0,0,69
1,4,8,0,0,0,0,29,35,34,0,49,0,43,48,59,64,0,74,73
2,6,12,15,21,28,23,27,33,36,39,41,0,61,54,62,75,65,67,79
7,9,14,20,17,26,30,31,40,47,50,51,46,55,56,57,66,68,71,76
3,10,11,13,18,19,22,24,25,32,37,38,42,44,52,60,70,72,77,80
0,0,0,0,0,0,0,0,0,0,0,0,0,0,0,0,0,0,0,0
0,0,0,0,0,0,0,0,0,0,0,0,0,0,0,0,0,0,0,0
0,0,0,0,0,0,0,0,0,0,0,0,0,0,0,0,0,0,0,0
0,0,0,0,0,0,0,0,0,0,0,0,0,0,0,0,0,0,0,0
0,0,0,0,0,0,0,0,0,0,0,0,0,0,0,0,0,0,0,0
0,0,0,0,0,0,0,0,0,0,0,0,0,0,0,0,0,0,0,0
0,0,0,0,0,0,0,0,0,0,0,0,0,0,0,0,0,0,0,0
0,0,0,0,0,0,0,0,0,0,0,0,0,0,0,0,0,0,0,0
0,0,0,0,0,0,0,0,0,0,0,0,0,0,0,0,0,0,0,0
0,0,0,0,0,0,35,0,0,0,63,0,0,0,0,0,0,0,0,0
0,0,0,0,0,5,29,0,0,0,74,0,21,0,0,0,0,0,59,53
39,0,0,15,78,23,73,49,8,0,75,0,28,65,69,0,0,16,64,33
7,43,31,56,48,68,79,17,12,0,55,0,14,61,46,50,76,36,66,51
52,25,38,22,11,80,26,57,47,32,70,9,37,13,72,44,24,77,3,10
6,34,54,27,2,30,41,71,60,1,4,42,18,40,58,62,45,20,19,67
0,0,0,0,0,0,0,0,0,0,0,0,0,0,0,0,0,0,0,0
0,0,0,0,0,0,0,0,0,0,0,0,0,0,0,0,0,0,0,0
0,0,0,0,0,0,0,0,0,0,0,0,0,0,0,0,0,0,0,0
0,0,0,0,0,0,0,0,0,0,0,0,0,0,0,0,0,0,0,0
0,0,0,0,0,0,0,0,0,0,0,0,0,0,0,0,0,0,0,0
0,0,0,0,0,0,0,0,0,0,0,0,0,0,0,0,0,0,0,0
0,0,0,0,0,0,0,0,0,0,0,0,0,0,0,0,0,0,0,0
0,0,0,0,0,0,0,0,0,0,0,0,0,0,0,0,0,0,0,0
0,0,0,0,0,0,0,0,0,0,0,0,0,0,0,0,0,0,0,78
0,0,16,0,0,0,0,0,0,0,0,0,0,53,0,0,63,0,0,69
0,0,8,0,0,0,0,0,0,0,0,0,0,43,0,0,64,0,0,73
0,5,12,0,0,0,0,29,35,36,39,49,0,61,48,0,75,65,0,79
7,9,14,15,21,28,23,31,33,47,50,51,0,55,56,59,66,68,74,76
3,10,11,13,17,26,22,24,25,32,37,38,46,44,52,57,70,72,77,80
1,2,4,6,18,19,20,27,30,34,40,41,42,45,54,58,60,62,67,71
