2016-07-15
0,0,0,0,0,0,0,0,0,0,0,0,0,0,0,0,0,0,0,0
0,0,0,0,0,0,0,0,0,0,0,0,0,0,0,0,0,0,0,0
0,0,0,0,0,0,0,0,0,0,0,0,0,0,0,0,0,0,0,0
0,0,0,0,0,0,0,0,0,0,0,0,0,0,0,0,0,0,0,0
0,0,0,0,0,0,0,0,0,0,0,0,0,0,0,0,0,0,0,0
0,0,0,0,0,0,0,0,0,0,0,0,0,0,0,0,0,0,0,0
0,0,0,0,0,0,0,0,0,0,0,0,0,0,0,0,0,0,0,0
0,0,0,0,0,0,0,0,0,0,0,0,0,0,0,0,0,0,0,0
0,0,0,0,0,0,0,0,0,0,0,0,0,0,0,0,0,0,0,0
0,0,0,52,0,0,0,24,0,0,0,0,0,0,0,0,0,0,0,44
0,0,0,49,72,0,10,40,0,0,22,30,0,71,0,0,0,0,0,75
25,45,0,60,23,0,20,59,0,0,79,32,0,35,39,0,0,0,0,42
55,48,0,50,31,65,13,80,68,1,62,28,6,47,74,0,29,17,43,51
19,67,5,56,14,61,57,36,76,78,66,4,18,41,38,73,3,63,70,54
37,58,26,9,53,11,69,12,77,15,16,21,46,33,8,7,64,2,27,34
0,0,0,0,0,0,0,0,0,0,0,0,0,0,0,0,0,0,0,0
0,0,0,0,0,0,0,0,0,0,0,0,0,0,0,0,0,0,0,0
0,0,0,0,0,0,0,0,0,0,0,0,0,0,0,0,0,0,0,0
0,0,0,0,0,0,0,0,0,0,0,0,0,0,0,0,0,0,0,0
0,0,0,0,0,0,0,0,0,0,0,0,0,0,0,0,0,0,0,0
0,0,0,0,0,0,0,0,0,0,0,0,0,0,0,0,0,0,0,0
0,0,0,0,0,0,0,0,0,0,0,0,0,0,0,0,0,0,0,0
0,0,0,0,0,0,0,0,0,0,0,0,0,0,0,0,0,0,0,0
0,0,0,0,0,0,0,0,0,0,0,0,0,0,0,0,0,0,0,0
0,0,0,0,0,22,0,0,0,0,0,0,0,0,65,0,0,0,0,0
0,0,10,0,0,25,0,32,0,0,0,0,0,0,44,0,0,0,79,0
0,5,20,0,31,23,24,39,47,43,52,40,42,0,59,45,71,0,72,0
0,6,13,0,18,28,30,48,50,35,51,63,55,49,68,60,62,74,75,80
1,3,4,17,14,19,29,36,38,41,54,56,57,61,66,67,70,73,76,78
2,7,8,9,11,12,15,16,21,26,27,33,34,37,46,53,58,64,69,77
0,0,0,0,0,0,0,0,0,0,0,0,0,0,0,0,0,0,0,0
0,0,0,0,0,0,0,0,0,0,0,0,0,0,0,0,0,0,0,0
0,0,0,0,0,0,0,0,0,0,0,0,0,0,0,0,0,0,0,0
0,0,0,0,0,0,0,0,0,0,0,0,0,0,0,0,0,0,0,0
0,0,0,0,0,0,0,0,0,0,0,0,0,0,0,0,0,0,0,0
0,0,0,0,0,0,0,0,0,0,0,0,0,0,0,0,0,0,0,0
0,0,0,0,0,0,0,0,0,0,0,0,0,0,0,0,0,0,0,0
0,0,0,0,0,0,0,0,0,0,0,0,0,0,0,0,0,0,0,0
0,0,0,0,0,0,0,0,0,0,0,0,0,0,0,0,0,0,0,0
0,0,0,49,72,0,0,24,0,0,0,0,0,0,0,0,0,0,0,75
0,0,0,60,23,0,0,59,0,0,22,0,0,71,0,0,0,0,0,42
55,45,0,50,31,0,20,80,0,0,79,0,6,35,74,0,29,0,0,51
19,48,5,56,14,65,13,36,76,1,66,30,18,41,38,0,3,17,43,54
37,67,26,9,53,11,57,12,77,78,16,32,46,33,8,0,64,2,70,34
61,21,7,25,15,69,4,63,40,27,44,68,10,73,58,28,47,62,52,39
0,0,0,0,0,0,0,0,0,0,0,0,0,0,0,0,0,0,0,0
0,0,0,0,0,0,0,0,0,0,0,0,0,0,0,0,0,0,0,0
0,0,0,0,0,0,0,0,0,0,0,0,0,0,0,0,0,0,0,0
0,0,0,0,0,0,0,0,0,0,0,0,0,0,0,0,0,0,0,0
0,0,0,0,0,0,0,0,0,0,0,0,0,0,0,0,0,0,0,0
0,0,0,0,0,0,0,0,0,0,0,0,0,0,0,0,0,0,0,0
0,0,0,0,0,0,0,0,0,0,0,0,0,0,0,0,0,0,0,0
0,0,0,0,0,0,0,0,0,0,0,0,0,0,0,0,0,0,0,0
0,0,0,0,0,0,0,0,0,0,0,0,0,0,0,0,0,0,0,0
0,0,0,0,0,0,0,0,0,0,0,0,0,0,0,0,0,0,0,0
0,0,0,0,31,22,0,32,0,43,0,0,42,0,65,45,0,0,79,0
0,5,20,0,18,23,24,48,0,35,0,0,55,0,59,60,0,0,72,80
1,6,13,17,14,19,30,36,50,41,51,56,57,49,66,67,71,74,75,78
2,3,8,9,11,12,29,16,38,26,54,33,34,37,46,53,70,64,76,77
4,7,10,15,21,25,27,28,39,40,44,47,52,58,61,62,63,68,69,73
