2016-09-27
0,0,0,0,0,0,0,0,0,0,0,0,0,0,0,0,0,0,0,0
0,0,0,0,0,0,0,0,0,0,0,0,0,0,0,0,0,0,0,0
0,0,0,0,0,0,0,0,0,0,0,0,0,0,0,0,0,0,0,0
0,0,0,0,0,0,0,0,0,0,0,0,0,0,0,0,0,0,0,0
0,0,0,0,0,0,0,0,0,0,0,0,0,0,0,0,0,0,0,0
0,0,0,0,0,0,0,0,0,0,0,0,0,0,0,0,0,0,0,0
0,0,0,0,0,0,0,0,0,0,0,0,0,0,0,0,0,0,0,0
0,0,0,0,0,0,0,0,0,0,0,0,0,0,0,0,0,0,0,0
0,0,0,0,34,0,0,0,0,0,0,0,0,0,0,0,0,0,0,0
0,7,0,0,44,0,0,0,0,0,0,0,0,0,0,29,0,0,0,0
0,22,13,0,75,0,72,0,0,0,0,0,0,0,0,50,0,0,79,12
60,26,52,0,68,33,14,32,0,77,36,0,0,0,63,73,0,0,1,64
62,71,4,25,69,59,54,8,80,46,2,55,0,0,57,3,0,0,17,41
70,23,40,45,9,51,16,42,31,21,38,53,49,19,6,47,18,24,48,56
30,28,58,67,65,61,11,20,15,66,37,35,27,76,10,74,39,43,5,78
0,0,0,0,0,0,0,0,0,0,0,0,0,0,0,0,0,0,0,0
0,0,0,0,0,0,0,0,0,0,0,0,0,0,0,0,0,0,0,0
0,0,0,0,0,0,0,0,0,0,0,0,0,0,0,0,0,0,0,0
0,0,0,0,0,0,0,0,0,0,0,0,0,0,0,0,0,0,0,0
0,0,0,0,0,0,0,0,0,0,0,0,0,0,0,0,0,0,0,0
0,0,0,0,0,0,0,0,0,0,0,0,0,0,0,0,0,0,0,0
0,0,0,0,0,0,0,0,0,0,0,0,0,0,0,0,0,0,0,0
0,0,0,0,0,0,0,0,0,0,0,0,0,0,0,0,0,0,0,0
0,0,0,0,0,0,0,0,0,0,0,0,0,0,0,0,0,0,0,0
7,0,0,0,0,0,0,0,0,0,0,50,0,0,0,0,0,0,0,0
1,0,0,0,12,34,0,0,0,0,0,32,64,55,0,0,0,0,0,0
3,0,0,0,13,14,0,0,22,24,33,36,57,59,0,44,60,72,75,79
2,4,0,29,17,26,0,41,45,25,42,52,47,54,63,62,73,68,77,80
6,9,19,8,16,18,21,23,31,46,38,53,40,48,49,51,56,69,71,70
5,10,11,15,20,27,28,30,35,37,39,43,58,61,65,66,67,74,76,78
0,0,0,0,0,0,0,0,0,0,0,0,0,0,0,0,0,0,0,0
0,0,0,0,0,0,0,0,0,0,0,0,0,0,0,0,0,0,0,0
0,0,0,0,0,0,0,0,0,0,0,0,0,0,0,0,0,0,0,0
0,0,0,0,0,0,0,0,0,0,0,0,0,0,0,0,0,0,0,0
0,0,0,0,0,0,0,0,0,0,0,0,0,0,0,0,0,0,0,0
0,0,0,0,0,0,0,0,0,0,0,0,0,0,0,0,0,0,0,0
0,0,0,0,0,0,0,0,0,0,0,0,0,0,0,0,0,0,0,0
0,0,0,0,0,0,0,0,0,0,0,0,0,0,0,0,0,0,0,0
0,0,0,0,0,0,0,0,0,0,0,0,0,0,0,0,0,0,0,0
0,7,0,0,0,0,0,0,0,0,0,0,0,0,0,0,0,0,0,0
0,26,0,0,34,33,72,0,0,0,0,0,0,0,63,0,0,0,1,12
60,71,13,25,75,59,14,0,80,77,0,0,0,0,57,50,0,0,17,41
70,23,40,45,68,51,54,42,31,46,36,0,49,19,6,3,18,24,48,56
30,28,58,67,9,61,11,20,15,21,2,53,27,76,10,74,39,43,5,78
44,22,62,8,52,47,35,16,55,37,66,73,32,38,79,69,4,65,64,29
0,0,0,0,0,0,0,0,0,0,0,0,0,0,0,0,0,0,0,0
0,0,0,0,0,0,0,0,0,0,0,0,0,0,0,0,0,0,0,0
0,0,0,0,0,0,0,0,0,0,0,0,0,0,0,0,0,0,0,0
0,0,0,0,0,0,0,0,0,0,0,0,0,0,0,0,0,0,0,0
0,0,0,0,0,0,0,0,0,0,0,0,0,0,0,0,0,0,0,0
0,0,0,0,0,0,0,0,0,0,0,0,0,0,0,0,0,0,0,0
0,0,0,0,0,0,0,0,0,0,0,0,0,0,0,0,0,0,0,0
0,0,0,0,0,0,0,0,0,0,0,0,0,0,0,0,0,0,0,0
7,0,0,0,0,0,0,0,0,0,0,0,0,0,0,0,0,0,0,0
1,0,0,0,0,34,0,0,0,0,0,0,0,0,0,0,0,0,0,0
3,0,0,0,12,14,0,0,0,0,0,50,0,59,0,0,0,0,75,0
2,0,0,0,13,26,0,41,0,24,33,36,57,54,0,0,60,72,77,80
6,9,19,0,17,18,21,23,45,25,42,53,40,48,63,0,56,68,71,70
5,10,11,15,20,27,28,30,31,46,39,43,58,61,49,51,67,74,76,78
4,8,16,22,29,32,35,37,38,44,47,52,55,62,64,65,66,69,73,79
