2017-01-04
0,0,0,0,0,0,0,0,0,0,0,0,0,0,0,0,0,0,0,0
0,0,0,0,0,0,0,0,0,0,0,0,0,0,0,0,0,0,0,0
0,0,0,0,0,0,0,0,0,0,0,0,0,0,0,0,0,0,0,0
0,0,0,0,0,0,0,0,0,0,0,0,0,0,0,0,0,0,0,0
0,0,0,0,0,0,0,0,0,0,0,0,0,0,0,0,0,0,0,0
0,0,0,0,0,0,0,0,0,0,0,0,0,0,0,0,0,0,0,0
0,0,0,0,0,0,0,0,0,0,0,0,0,0,0,0,0,0,0,0
0,0,0,0,0,0,0,0,0,0,0,0,0,0,0,0,0,0,0,0
0,0,0,0,0,0,0,0,0,0,0,0,0,0,0,0,0,0,34,0
0,0,0,0,0,0,0,0,0,0,0,0,0,0,0,0,0,0,76,0
16,0,0,0,0,0,0,0,0,6,0,0,59,20,0,0,0,0,2,0
9,17,50,63,0,0,79,0,80,12,67,3,10,64,19,0,21,27,73,0
56,25,53,68,0,23,1,72,33,37,62,71,65,30,15,43,42,24,44,0
8,57,45,70,36,61,55,46,11,26,39,32,35,28,77,22,69,5,66,78
29,48,13,74,31,49,58,18,54,60,41,47,51,7,4,52,40,14,38,75
0,0,0,0,0,0,0,0,0,0,0,0,0,0,0,0,0,0,0,0
0,0,0,0,0,0,0,0,0,0,0,0,0,0,0,0,0,0,0,0
0,0,0,0,0,0,0,0,0,0,0,0,0,0,0,0,0,0,0,0
0,0,0,0,0,0,0,0,0,0,0,0,0,0,0,0,0,0,0,0
0,0,0,0,0,0,0,0,0,0,0,0,0,0,0,0,0,0,0,0
0,0,0,0,0,0,0,0,0,0,0,0,0,0,0,0,0,0,0,0
0,0,0,0,0,0,0,0,0,0,0,0,0,0,0,0,0,0,0,0
0,0,0,0,0,0,0,0,0,0,0,0,0,0,0,0,0,0,0,0
0,0,0,0,0,0,0,0,0,0,0,0,0,0,0,0,0,0,0,0
0,0,0,0,0,20,0,0,0,0,0,0,0,0,0,0,0,0,72,0
0,0,0,0,16,23,17,0,0,0,53,0,0,0,0,0,0,0,67,79
3,6,27,21,12,24,25,0,0,34,42,0,0,50,0,0,63,73,76,80
2,5,9,10,19,33,26,30,0,37,44,43,0,56,62,59,68,69,71,78
1,8,11,15,22,28,35,36,32,39,45,46,64,55,57,65,61,66,70,77
4,7,13,14,18,29,31,38,40,41,47,48,49,51,52,54,58,60,74,75
0,0,0,0,0,0,0,0,0,0,0,0,0,0,0,0,0,0,0,0
0,0,0,0,0,0,0,0,0,0,0,0,0,0,0,0,0,0,0,0
0,0,0,0,0,0,0,0,0,0,0,0,0,0,0,0,0,0,0,0
0,0,0,0,0,0,0,0,0,0,0,0,0,0,0,0,0,0,0,0
0,0,0,0,0,0,0,0,0,0,0,0,0,0,0,0,0,0,0,0
0,0,0,0,0,0,0,0,0,0,0,0,0,0,0,0,0,0,0,0
0,0,0,0,0,0,0,0,0,0,0,0,0,0,0,0,0,0,0,0
0,0,0,0,0,0,0,0,0,0,0,0,0,0,0,0,0,0,0,0
0,0,0,0,0,0,0,0,0,0,0,0,0,0,0,0,0,0,0,0
0,0,0,0,0,0,0,0,0,0,0,0,0,20,0,0,0,0,34,0
16,0,0,0,0,0,0,0,80,6,0,0,59,64,19,0,21,27,76,0
9,0,50,0,0,23,0,0,33,12,67,0,10,30,15,0,42,24,73,0
56,25,45,63,0,61,1,72,11,37,62,0,65,28,77,0,69,5,44,78
29,48,13,74,31,49,58,18,54,60,41,71,51,7,4,43,40,14,38,75
3,52,8,17,68,47,32,53,46,22,57,39,79,2,26,36,55,70,66,35
0,0,0,0,0,0,0,0,0,0,0,0,0,0,0,0,0,0,0,0
0,0,0,0,0,0,0,0,0,0,0,0,0,0,0,0,0,0,0,0
0,0,0,0,0,0,0,0,0,0,0,0,0,0,0,0,0,0,0,0
0,0,0,0,0,0,0,0,0,0,0,0,0,0,0,0,0,0,0,0
0,0,0,0,0,0,0,0,0,0,0,0,0,0,0,0,0,0,0,0
0,0,0,0,0,0,0,0,0,0,0,0,0,0,0,0,0,0,0,0
0,0,0,0,0,0,0,0,0,0,0,0,0,0,0,0,0,0,0,0
0,0,0,0,0,0,0,0,0,0,0,0,0,0,0,0,0,0,0,0
0,0,0,0,0,20,0,0,0,0,0,0,0,0,0,0,0,0,0,0
0,0,0,0,0,23,0,0,0,0,0,0,0,0,0,0,0,0,72,0
0,0,27,21,16,24,0,0,0,0,0,0,0,0,0,0,0,0,67,80
0,6,9,10,12,33,0,0,0,34,42,0,0,50,0,59,63,73,76,78
1,5,11,15,19,28,25,30,0,37,44,43,64,56,0,65,61,69,71,77
4,7,13,14,18,29,31,38,40,41,45,48,49,51,62,54,58,60,74,75
2,3,8,17,22,26,32,35,36,39,46,47,52,53,55,57,66,68,70,79
