2017-03-20
0,0,0,0,0,0,0,0,0,0,0,0,0,0,0,0,0,0,0,0
0,0,0,0,0,0,0,0,0,0,0,0,0,0,0,0,0,0,0,0
0,0,0,0,0,0,0,0,0,0,0,0,0,0,0,0,0,0,0,0
0,0,0,0,0,0,0,0,0,0,0,0,0,0,0,0,0,0,0,0
0,0,0,0,0,0,0,0,0,0,0,0,0,0,0,0,0,0,0,0
0,0,0,0,0,0,0,0,0,0,0,0,0,0,0,0,0,0,0,0
0,0,0,0,0,0,0,0,0,0,0,0,0,0,0,0,0,0,0,0
0,0,0,0,0,0,0,0,0,0,0,0,0,0,0,0,0,0,0,0
0,0,0,0,0,0,0,0,0,0,0,0,0,0,0,0,0,0,0,0
0,0,4,0,27,0,0,79,0,0,46,0,0,0,0,0,0,0,0,80
0,65,25,0,24,0,0,33,0,31,72,0,0,0,0,0,71,0,0,1
0,68,67,0,16,0,0,52,0,57,41,0,0,0,0,62,76,0,0,39
0,43,6,9,45,73,29,26,21,30,75,56,12,60,0,54,8,58,2,42
49,55,66,36,34,38,28,70,14,7,32,51,61,17,15,47,50,40,3,5
35,64,77,23,22,74,20,53,19,63,11,59,37,10,13,69,44,18,78,48
0,0,0,0,0,0,0,0,0,0,0,0,0,0,0,0,0,0,0,0
0,0,0,0,0,0,0,0,0,0,0,0,0,0,0,0,0,0,0,0
0,0,0,0,0,0,0,0,0,0,0,0,0,0,0,0,0,0,0,0
0,0,0,0,0,0,0,0,0,0,0,0,0,0,0,0,0,0,0,0
0,0,0,0,0,0,0,0,0,0,0,0,0,0,0,0,0,0,0,0
0,0,0,0,0,0,0,0,0,0,0,0,0,0,0,0,0,0,0,0
0,0,0,0,0,0,0,0,0,0,0,0,0,0,0,0,0,0,0,0
0,0,0,0,0,0,0,0,0,0,0,0,0,0,0,0,0,0,0,0
0,0,0,0,0,0,0,0,0,0,0,0,0,46,0,0,0,0,0,0
0,0,0,0,0,0,0,0,0,31,0,0,0,57,0,72,0,0,76,0
0,0,8,0,0,27,0,33,0,41,0,0,0,60,0,65,0,0,75,0
1,0,16,9,0,21,0,25,0,49,0,0,0,56,0,62,0,0,73,79
2,4,6,12,17,26,0,30,39,42,43,45,0,51,52,54,58,71,68,80
3,5,7,14,15,29,24,38,28,32,34,36,40,47,50,55,67,61,66,70
10,11,13,18,19,20,22,23,35,37,44,48,53,59,63,64,69,74,77,78
0,0,0,0,0,0,0,0,0,0,0,0,0,0,0,0,0,0,0,0
0,0,0,0,0,0,0,0,0,0,0,0,0,0,0,0,0,0,0,0
0,0,0,0,0,0,0,0,0,0,0,0,0,0,0,0,0,0,0,0
0,0,0,0,0,0,0,0,0,0,0,0,0,0,0,0,0,0,0,0
0,0,0,0,0,0,0,0,0,0,0,0,0,0,0,0,0,0,0,0
0,0,0,0,0,0,0,0,0,0,0,0,0,0,0,0,0,0,0,0
0,0,0,0,0,0,0,0,0,0,0,0,0,0,0,0,0,0,0,0
0,0,0,0,0,0,0,0,0,0,0,0,0,0,0,0,0,0,0,0
0,0,0,0,0,0,0,0,0,0,0,0,0,0,0,0,0,0,0,0
0,65,0,0,27,0,0,33,0,0,46,0,0,0,0,0,71,0,0,80
0,68,0,0,16,0,0,52,0,0,72,0,0,0,0,62,76,0,0,1
0,43,25,0,45,0,0,26,0,31,75,56,12,60,0,54,8,0,2,39
0,55,6,36,34,0,0,70,0,30,32,51,61,17,0,47,50,0,3,42
35,64,77,23,22,38,29,53,14,7,11,59,37,10,15,69,44,18,78,5
20,66,24,57,63,19,28,41,58,9,67,13,49,48,74,4,79,21,40,73
0,0,0,0,0,0,0,0,0,0,0,0,0,0,0,0,0,0,0,0
0,0,0,0,0,0,0,0,0,0,0,0,0,0,0,0,0,0,0,0
0,0,0,0,0,0,0,0,0,0,0,0,0,0,0,0,0,0,0,0
0,0,0,0,0,0,0,0,0,0,0,0,0,0,0,0,0,0,0,0
0,0,0,0,0,0,0,0,0,0,0,0,0,0,0,0,0,0,0,0
0,0,0,0,0,0,0,0,0,0,0,0,0,0,0,0,0,0,0,0
0,0,0,0,0,0,0,0,0,0,0,0,0,0,0,0,0,0,0,0
0,0,0,0,0,0,0,0,0,0,0,0,0,0,0,0,0,0,0,0
0,0,0,0,0,0,0,0,0,0,0,0,0,46,0,72,0,0,0,0
0,0,0,0,0,0,0,33,0,0,0,0,0,60,0,65,0,0,0,0
1,0,8,0,0,0,0,25,0,31,0,0,0,56,0,62,0,0,76,0
2,0,16,12,0,27,0,30,0,42,43,0,0,51,0,54,0,0,75,80
3,5,6,14,17,26,0,38,39,32,34,45,0,47,52,55,0,71,68,70
10,11,7,18,15,29,22,23,35,37,44,36,53,59,50,64,69,61,77,78
4,9,13,19,20,21,24,28,40,41,48,49,57,58,63,66,67,73,74,79
