2017-04-12
0,0,0,0,0,0,0,0,0,0,0,0,0,0,0,0,0,0,0,0
0,0,0,0,0,0,0,0,0,0,0,0,0,0,0,0,0,0,0,0
0,0,0,0,0,0,0,0,0,0,0,0,0,0,0,0,0,0,0,0
0,0,0,0,0,0,0,0,0,0,0,0,0,0,0,0,0,0,0,0
0,0,0,0,0,0,0,0,0,0,0,0,0,0,0,0,0,0,0,0
0,0,0,0,0,0,0,0,0,0,0,0,0,0,0,0,0,0,0,0
0,0,0,0,0,0,0,0,0,0,0,0,0,0,0,0,0,0,0,0
0,0,0,0,0,0,0,0,0,0,0,0,0,0,0,0,0,0,0,0
0,0,0,0,0,0,0,65,0,0,0,0,0,0,0,0,0,0,0,0
0,0,61,0,0,0,0,76,0,78,0,0,0,0,0,0,0,0,0,0
0,0,15,0,0,0,0,52,1,70,0,0,0,68,0,0,0,73,0,0
60,5,44,0,0,0,0,51,57,79,0,0,77,21,0,20,0,36,0,19
18,33,62,42,59,12,37,17,24,38,41,3,8,31,39,7,0,72,11,10
46,53,50,14,47,22,9,58,56,69,43,13,29,80,54,67,16,2,34,6
30,55,49,45,66,28,4,71,48,25,27,63,32,23,35,64,26,74,75,40
0,0,0,0,0,0,0,0,0,0,0,0,0,0,0,0,0,0,0,0
0,0,0,0,0,0,0,0,0,0,0,0,0,0,0,0,0,0,0,0
0,0,0,0,0,0,0,0,0,0,0,0,0,0,0,0,0,0,0,0
0,0,0,0,0,0,0,0,0,0,0,0,0,0,0,0,0,0,0,0
0,0,0,0,0,0,0,0,0,0,0,0,0,0,0,0,0,0,0,0
0,0,0,0,0,0,0,0,0,0,0,0,0,0,0,0,0,0,0,0
0,0,0,0,0,0,0,0,0,0,0,0,0,0,0,0,0,0,0,0
0,0,0,0,0,0,0,0,0,0,0,0,0,0,0,0,0,0,0,0
0,0,0,0,0,0,0,0,0,0,0,0,0,0,0,0,0,0,0,0
0,0,0,0,0,0,0,0,0,0,0,0,0,0,0,0,0,0,0,0
1,0,16,19,0,0,37,0,0,0,41,0,0,61,0,0,73,65,77,0
5,0,15,7,20,0,39,0,0,0,44,42,60,54,68,0,70,76,79,0
9,3,10,11,12,0,21,36,24,33,31,38,52,43,51,0,59,62,72,78
2,8,6,13,14,22,17,18,29,34,46,47,57,50,53,56,58,67,69,80
4,23,25,26,27,28,30,32,35,40,45,48,49,55,63,64,66,71,74,75
0,0,0,0,0,0,0,0,0,0,0,0,0,0,0,0,0,0,0,0
0,0,0,0,0,0,0,0,0,0,0,0,0,0,0,0,0,0,0,0
0,0,0,0,0,0,0,0,0,0,0,0,0,0,0,0,0,0,0,0
0,0,0,0,0,0,0,0,0,0,0,0,0,0,0,0,0,0,0,0
0,0,0,0,0,0,0,0,0,0,0,0,0,0,0,0,0,0,0,0
0,0,0,0,0,0,0,0,0,0,0,0,0,0,0,0,0,0,0,0
0,0,0,0,0,0,0,0,0,0,0,0,0,0,0,0,0,0,0,0
0,0,0,0,0,0,0,0,0,0,0,0,0,0,0,0,0,0,0,0
0,0,0,0,0,0,0,0,0,0,0,0,0,0,0,0,0,0,0,0
0,0,61,0,0,0,0,0,0,78,0,0,0,0,0,0,0,0,0,0
60,0,15,0,0,0,0,52,1,79,0,0,0,68,0,0,0,0,0,19
18,0,44,42,0,0,0,51,57,38,0,3,8,21,39,20,0,72,11,10
46,5,50,14,47,0,0,58,56,69,41,13,29,31,54,7,0,2,34,6
30,33,49,45,66,12,4,71,48,25,43,63,32,23,35,67,16,74,75,40
22,36,28,53,59,27,37,65,62,73,24,64,80,76,9,70,17,26,55,77
0,0,0,0,0,0,0,0,0,0,0,0,0,0,0,0,0,0,0,0
0,0,0,0,0,0,0,0,0,0,0,0,0,0,0,0,0,0,0,0
0,0,0,0,0,0,0,0,0,0,0,0,0,0,0,0,0,0,0,0
0,0,0,0,0,0,0,0,0,0,0,0,0,0,0,0,0,0,0,0
0,0,0,0,0,0,0,0,0,0,0,0,0,0,0,0,0,0,0,0
0,0,0,0,0,0,0,0,0,0,0,0,0,0,0,0,0,0,0,0
0,0,0,0,0,0,0,0,0,0,0,0,0,0,0,0,0,0,0,0
0,0,0,0,0,0,0,0,0,0,0,0,0,0,0,0,0,0,0,0
0,0,0,0,0,0,0,0,0,0,0,0,0,0,0,0,0,0,0,0
0,0,16,0,0,0,0,0,0,0,41,0,0,0,0,0,0,0,0,0
1,0,15,19,0,0,0,0,0,0,44,42,60,61,0,0,0,0,79,0
5,3,10,7,20,0,39,0,0,33,31,38,52,54,68,0,0,0,72,0
2,8,6,11,12,0,21,18,29,34,46,47,57,43,51,0,58,67,69,78
4,23,25,13,14,0,30,32,35,40,45,48,49,50,63,56,66,71,74,75
9,17,22,24,26,27,28,36,37,53,55,59,62,64,65,70,73,76,77,80
