2017-11-03
0,0,0,0,0,0,0,0,0,0,0,0,0,0,0,0,0,0,0,0
0,0,0,0,0,0,0,0,0,0,0,0,0,0,0,0,0,0,0,0
0,0,0,0,0,0,0,0,0,0,0,0,0,0,0,0,0,0,0,0
0,0,0,0,0,0,0,0,0,0,0,0,0,0,0,0,0,0,0,0
0,0,0,0,0,0,0,0,0,0,0,0,0,0,0,0,0,0,0,0
0,0,0,0,0,0,0,0,0,0,0,0,0,0,0,0,0,0,0,0
0,0,0,0,0,0,0,0,0,0,0,0,0,0,0,0,0,0,0,0
0,0,0,0,0,0,0,0,0,0,0,0,0,0,0,0,0,0,0,0
0,0,0,0,0,0,0,0,0,0,0,0,0,0,0,0,0,0,0,0
0,0,0,0,0,0,6,0,0,0,0,0,0,0,0,74,0,0,0,0
0,0,0,57,0,0,39,26,0,53,0,0,0,0,48,37,0,0,0,0
0,1,16,56,62,0,79,50,0,9,0,33,0,68,65,20,0,76,75,0
45,41,69,78,18,19,29,10,0,72,42,21,14,8,61,67,22,66,64,32
17,51,27,12,80,47,60,28,73,44,71,55,24,13,58,59,35,34,11,36
70,52,77,2,43,7,54,5,63,40,4,30,31,25,46,23,15,49,38,3
0,0,0,0,0,0,0,0,0,0,0,0,0,0,0,0,0,0,0,0
0,0,0,0,0,0,0,0,0,0,0,0,0,0,0,0,0,0,0,0
0,0,0,0,0,0,0,0,0,0,0,0,0,0,0,0,0,0,0,0
0,0,0,0,0,0,0,0,0,0,0,0,0,0,0,0,0,0,0,0
0,0,0,0,0,0,0,0,0,0,0,0,0,0,0,0,0,0,0,0
0,0,0,0,0,0,0,0,0,0,0,0,0,0,0,0,0,0,0,0
0,0,0,0,0,0,0,0,0,0,0,0,0,0,0,0,0,0,0,0
0,0,0,0,0,0,0,0,0,0,0,0,0,0,0,0,0,0,0,0
0,0,0,0,0,0,0,0,0,0,0,0,0,0,0,0,0,0,0,0
0,0,0,0,0,0,0,0,0,0,0,0,0,0,0,0,0,74,0,0
0,0,0,9,18,0,0,0,0,0,0,0,0,62,0,0,66,68,76,0
0,6,0,10,26,20,21,42,0,37,0,0,53,50,56,57,73,75,78,0
0,14,8,19,22,16,29,33,32,39,45,48,41,65,67,61,64,69,72,79
1,11,12,13,17,24,27,28,34,35,36,44,47,51,59,55,58,60,71,80
2,3,4,5,7,15,23,25,30,31,38,40,43,46,49,52,54,63,70,77
0,0,0,0,0,0,0,0,0,0,0,0,0,0,0,0,0,0,0,0
0,0,0,0,0,0,0,0,0,0,0,0,0,0,0,0,0,0,0,0
0,0,0,0,0,0,0,0,0,0,0,0,0,0,0,0,0,0,0,0
0,0,0,0,0,0,0,0,0,0,0,0,0,0,0,0,0,0,0,0
0,0,0,0,0,0,0,0,0,0,0,0,0,0,0,0,0,0,0,0
0,0,0,0,0,0,0,0,0,0,0,0,0,0,0,0,0,0,0,0
0,0,0,0,0,0,0,0,0,0,0,0,0,0,0,0,0,0,0,0
0,0,0,0,0,0,0,0,0,0,0,0,0,0,0,0,0,0,0,0
0,0,0,0,0,0,0,0,0,0,0,0,0,0,0,0,0,0,0,0
0,0,0,0,0,0,0,26,0,0,0,0,0,0,0,0,0,0,0,0
0,1,16,0,62,0,6,50,0,0,0,0,0,0,65,74,0,0,0,0
45,41,69,57,18,0,29,10,0,0,0,0,14,8,61,20,0,76,75,0
17,51,27,56,80,19,60,28,0,9,42,33,24,13,58,67,22,66,64,32
70,52,77,2,43,47,54,5,63,72,4,55,31,25,46,59,35,34,11,36
44,68,71,38,15,7,3,12,78,30,21,23,73,40,79,39,49,48,37,53
0,0,0,0,0,0,0,0,0,0,0,0,0,0,0,0,0,0,0,0
0,0,0,0,0,0,0,0,0,0,0,0,0,0,0,0,0,0,0,0
0,0,0,0,0,0,0,0,0,0,0,0,0,0,0,0,0,0,0,0
0,0,0,0,0,0,0,0,0,0,0,0,0,0,0,0,0,0,0,0
0,0,0,0,0,0,0,0,0,0,0,0,0,0,0,0,0,0,0,0
0,0,0,0,0,0,0,0,0,0,0,0,0,0,0,0,0,0,0,0
0,0,0,0,0,0,0,0,0,0,0,0,0,0,0,0,0,0,0,0
0,0,0,0,0,0,0,0,0,0,0,0,0,0,0,0,0,0,0,0
0,0,0,0,0,0,0,0,0,0,0,0,0,0,0,0,0,0,0,0
0,0,0,9,0,0,0,0,0,0,0,0,0,62,0,0,0,74,0,0
0,0,0,10,18,0,0,42,0,0,0,0,0,50,0,57,66,75,0,0
0,6,0,19,26,20,0,33,0,0,0,0,41,65,56,61,64,69,76,0
1,14,8,13,22,16,29,28,32,35,45,0,47,51,67,55,58,60,72,80
2,11,4,5,17,24,27,25,34,31,36,0,43,46,59,52,54,63,70,77
3,7,12,15,21,23,30,37,38,39,40,44,48,49,53,68,71,73,78,79
