2017-12-04
0,0,0,0,0,0,0,0,0,0,0,0,0,0,0,0,0,0,0,0
0,0,0,0,0,0,0,0,0,0,0,0,0,0,0,0,0,0,0,0
0,0,0,0,0,0,0,0,0,0,0,0,0,0,0,0,0,0,0,0
0,0,0,0,0,0,0,0,0,0,0,0,0,0,0,0,0,0,0,0
0,0,0,0,0,0,0,0,0,0,0,0,0,0,0,0,0,0,0,0
0,0,0,0,0,0,0,0,0,0,0,0,0,0,0,0,0,0,0,0
0,0,0,0,0,0,0,0,0,0,0,0,0,0,0,0,0,0,0,0
0,0,0,0,0,0,0,0,0,0,0,0,0,0,0,0,0,0,0,0
0,0,0,0,0,0,0,0,0,0,0,0,0,0,0,0,0,0,0,0
15,0,0,0,0,0,0,0,0,0,0,78,0,0,0,0,0,64,0,0
43,0,38,37,0,0,42,0,0,0,0,22,1,0,74,0,0,54,0,0
5,0,76,41,79,0,13,11,45,0,0,73,65,0,39,0,24,4,80,0
62,34,32,72,14,0,27,36,77,0,25,63,3,6,53,0,8,21,35,30
71,70,44,66,10,23,20,19,31,18,67,58,50,17,60,0,59,61,2,52
12,48,68,57,55,46,9,49,47,33,29,56,28,26,7,16,75,51,69,40
0,0,0,0,0,0,0,0,0,0,0,0,0,0,0,0,0,0,0,0
0,0,0,0,0,0,0,0,0,0,0,0,0,0,0,0,0,0,0,0
0,0,0,0,0,0,0,0,0,0,0,0,0,0,0,0,0,0,0,0
0,0,0,0,0,0,0,0,0,0,0,0,0,0,0,0,0,0,0,0
0,0,0,0,0,0,0,0,0,0,0,0,0,0,0,0,0,0,0,0
0,0,0,0,0,0,0,0,0,0,0,0,0,0,0,0,0,0,0,0
0,0,0,0,0,0,0,0,0,0,0,0,0,0,0,0,0,0,0,0
0,0,0,0,0,0,0,0,0,0,0,0,0,0,0,0,0,0,0,80
0,0,0,0,0,0,0,0,0,0,0,0,0,0,0,0,0,0,0,79
0,0,0,0,0,25,0,0,0,0,0,0,0,0,0,0,0,0,78,76
0,0,11,0,15,22,0,0,0,0,0,43,0,0,0,0,0,0,74,77
1,5,10,14,27,24,0,0,38,0,42,41,0,0,0,54,0,64,70,73
4,8,6,13,21,23,0,30,37,0,39,36,45,0,62,65,0,63,72,71
2,3,17,18,19,20,34,31,32,44,35,50,53,52,58,59,60,61,66,67
7,9,12,16,26,28,29,33,40,46,47,48,49,51,55,56,57,68,69,75
0,0,0,0,0,0,0,0,0,0,0,0,0,0,0,0,0,0,0,0
0,0,0,0,0,0,0,0,0,0,0,0,0,0,0,0,0,0,0,0
0,0,0,0,0,0,0,0,0,0,0,0,0,0,0,0,0,0,0,0
0,0,0,0,0,0,0,0,0,0,0,0,0,0,0,0,0,0,0,0
0,0,0,0,0,0,0,0,0,0,0,0,0,0,0,0,0,0,0,0
0,0,0,0,0,0,0,0,0,0,0,0,0,0,0,0,0,0,0,0
0,0,0,0,0,0,0,0,0,0,0,0,0,0,0,0,0,0,0,0
0,0,0,0,0,0,0,0,0,0,0,0,0,0,0,0,0,0,0,0
0,0,0,0,0,0,0,0,0,0,0,0,0,0,0,0,0,0,0,0
0,0,38,0,0,0,0,0,0,0,0,78,0,0,74,0,0,54,0,0
15,0,76,0,0,0,0,0,45,0,0,22,0,0,39,0,0,4,0,0
5,0,32,72,79,0,42,0,77,0,0,73,1,6,53,0,24,21,0,0
62,70,44,66,10,0,20,11,31,18,25,58,65,17,60,0,8,61,35,30
71,48,68,57,55,46,9,49,47,33,67,56,28,26,7,16,59,51,69,40
52,3,36,14,2,63,23,34,41,12,50,29,80,75,43,37,19,64,13,27
0,0,0,0,0,0,0,0,0,0,0,0,0,0,0,0,0,0,0,0
0,0,0,0,0,0,0,0,0,0,0,0,0,0,0,0,0,0,0,0
0,0,0,0,0,0,0,0,0,0,0,0,0,0,0,0,0,0,0,0
0,0,0,0,0,0,0,0,0,0,0,0,0,0,0,0,0,0,0,0
0,0,0,0,0,0,0,0,0,0,0,0,0,0,0,0,0,0,0,0
0,0,0,0,0,0,0,0,0,0,0,0,0,0,0,0,0,0,0,0
0,0,0,0,0,0,0,0,0,0,0,0,0,0,0,0,0,0,0,0
0,0,0,0,0,0,0,0,0,0,0,0,0,0,0,0,0,0,0,0
0,0,0,0,0,0,0,0,0,0,0,0,0,0,0,0,0,0,78,79
0,0,0,0,0,25,0,0,0,0,0,0,0,0,0,0,0,0,74,76
0,0,11,0,0,22,0,0,0,0,42,0,0,0,0,54,0,0,70,77
1,5,10,0,15,24,0,30,38,0,39,0,45,0,62,65,0,0,72,73
4,8,6,18,21,20,0,31,32,44,35,0,53,0,58,59,60,61,66,71
7,9,17,16,26,28,0,33,40,46,47,48,49,51,55,56,57,68,69,67
2,3,12,13,14,19,23,27,29,34,36,37,41,43,50,52,63,64,75,80
