2017-12-06
0,0,0,0,0,0,0,0,0,0,0,0,0,0,0,0,0,0,0,0
0,0,0,0,0,0,0,0,0,0,0,0,0,0,0,0,0,0,0,0
0,0,0,0,0,0,0,0,0,0,0,0,0,0,0,0,0,0,0,0
0,0,0,0,0,0,0,0,0,0,0,0,0,0,0,0,0,0,0,0
0,0,0,0,0,0,0,0,0,0,0,0,0,0,0,0,0,0,0,0
0,0,0,0,0,0,0,0,0,0,0,0,0,0,0,0,0,0,0,0
0,0,0,0,0,0,0,0,0,0,0,0,0,0,0,0,0,0,0,0
0,0,0,0,0,0,0,0,0,0,0,0,0,0,0,0,0,0,0,0
0,0,0,0,0,0,0,0,0,0,0,0,0,0,0,0,0,54,0,0
15,0,0,0,0,0,0,0,45,0,0,0,0,0,0,0,0,4,0,0
5,0,0,72,0,0,0,0,77,0,0,78,0,0,39,0,24,21,0,0
62,0,76,66,0,0,20,0,31,0,0,22,0,6,53,0,8,61,35,30
71,70,32,57,79,0,9,49,47,0,25,58,28,17,60,0,59,51,69,40
52,3,36,14,2,46,23,34,41,18,67,56,80,75,43,16,19,64,13,27
63,55,68,44,74,1,42,37,50,48,73,7,12,33,29,26,65,11,10,38
0,0,0,0,0,0,0,0,0,0,0,0,0,0,0,0,0,0,0,0
0,0,0,0,0,0,0,0,0,0,0,0,0,0,0,0,0,0,0,0
0,0,0,0,0,0,0,0,0,0,0,0,0,0,0,0,0,0,0,0
0,0,0,0,0,0,0,0,0,0,0,0,0,0,0,0,0,0,0,0
0,0,0,0,0,0,0,0,0,0,0,0,0,0,0,0,0,0,0,0
0,0,0,0,0,0,0,0,0,0,0,0,0,0,0,0,0,0,0,0
0,0,0,0,0,0,0,0,0,0,0,0,0,0,0,0,0,0,0,0
0,0,0,0,0,0,0,0,0,0,0,0,0,0,0,0,0,0,0,0
0,0,0,0,0,25,0,0,0,0,0,0,0,0,0,0,0,0,78,79
0,0,0,0,0,22,0,0,0,0,0,0,0,0,0,0,0,0,70,76
0,5,0,0,0,24,0,0,0,0,39,0,45,0,0,54,0,0,72,77
0,8,0,18,15,20,0,30,0,0,35,0,53,0,0,59,0,0,66,71
4,9,6,16,21,28,0,31,32,46,47,0,49,51,62,56,60,61,69,67
2,3,17,13,14,19,23,27,40,34,36,0,41,43,58,52,57,64,75,80
1,7,10,11,12,26,29,33,37,38,42,44,48,50,55,63,65,68,73,74
0,0,0,0,0,0,0,0,0,0,0,0,0,0,0,0,0,0,0,0
0,0,0,0,0,0,0,0,0,0,0,0,0,0,0,0,0,0,0,0
0,0,0,0,0,0,0,0,0,0,0,0,0,0,0,0,0,0,0,0
0,0,0,0,0,0,0,0,0,0,0,0,0,0,0,0,0,0,0,0
0,0,0,0,0,0,0,0,0,0,0,0,0,0,0,0,0,0,0,0
0,0,0,0,0,0,0,0,0,0,0,0,0,0,0,0,0,0,0,0
0,0,0,0,0,0,0,0,0,0,0,0,0,0,0,0,0,0,0,0
0,0,0,0,0,0,0,0,0,0,0,0,0,0,0,0,0,0,0,0
0,0,0,0,0,0,0,0,0,0,0,0,0,0,0,0,0,0,0,0
0,0,0,0,0,0,0,0,45,0,0,0,0,0,0,0,0,0,0,0
15,0,0,72,0,0,20,0,77,0,0,0,0,6,0,0,24,4,0,0
62,0,76,66,0,0,9,49,31,0,0,78,28,17,39,0,8,21,35,40
71,0,32,14,0,46,23,34,47,18,67,22,80,75,53,16,59,61,69,27
52,55,36,44,74,1,42,37,50,48,73,56,12,33,60,26,19,51,13,38
54,57,29,2,41,10,65,7,3,64,5,70,79,43,25,58,68,63,11,30
0,0,0,0,0,0,0,0,0,0,0,0,0,0,0,0,0,0,0,0
0,0,0,0,0,0,0,0,0,0,0,0,0,0,0,0,0,0,0,0
0,0,0,0,0,0,0,0,0,0,0,0,0,0,0,0,0,0,0,0
0,0,0,0,0,0,0,0,0,0,0,0,0,0,0,0,0,0,0,0
0,0,0,0,0,0,0,0,0,0,0,0,0,0,0,0,0,0,0,0
0,0,0,0,0,0,0,0,0,0,0,0,0,0,0,0,0,0,0,0
0,0,0,0,0,0,0,0,0,0,0,0,0,0,0,0,0,0,0,0
0,0,0,0,0,0,0,0,0,0,0,0,0,0,0,0,0,0,0,0
0,0,0,0,0,22,0,0,0,0,0,0,0,0,0,0,0,0,78,76
0,0,0,0,0,24,0,0,0,0,39,0,0,0,0,0,0,0,72,77
0,0,0,0,15,20,0,0,0,0,35,0,45,0,0,0,0,0,66,71
0,0,0,18,21,28,0,31,32,46,47,0,53,0,0,59,0,0,69,67
4,8,6,16,14,19,0,27,40,34,36,0,49,51,62,56,0,0,75,80
1,9,17,13,12,26,23,33,37,38,42,44,48,50,55,52,60,61,73,74
2,3,5,7,10,11,25,29,30,41,43,54,57,58,63,64,65,68,70,79
