2017-12-07
0,0,0,0,0,0,0,0,0,0,0,0,0,0,0,0,0,0,0,0
0,0,0,0,0,0,0,0,0,0,0,0,0,0,0,0,0,0,0,0
0,0,0,0,0,0,0,0,0,0,0,0,0,0,0,0,0,0,0,0
0,0,0,0,0,0,0,0,0,0,0,0,0,0,0,0,0,0,0,0
0,0,0,0,0,0,0,0,0,0,0,0,0,0,0,0,0,0,0,0
0,0,0,0,0,0,0,0,0,0,0,0,0,0,0,0,0,0,0,0
0,0,0,0,0,0,0,0,0,0,0,0,0,0,0,0,0,0,0,0
0,0,0,0,0,0,0,0,0,0,0,0,0,0,0,0,0,0,0,0
0,0,0,0,0,0,0,0,0,0,0,0,0,0,0,0,0,0,0,0
0,0,0,0,0,0,0,0,45,0,0,0,0,0,0,0,0,0,0,0
15,0,0,72,0,0,20,0,77,0,0,0,0,6,0,0,24,4,0,0
62,0,76,66,0,0,9,49,31,0,0,78,28,17,39,0,8,21,35,40
71,0,32,14,0,46,23,34,47,18,67,22,80,75,53,16,59,61,69,27
52,55,36,44,74,1,42,37,50,48,73,56,12,33,60,26,19,51,13,38
54,57,29,2,41,10,65,7,3,64,5,70,79,43,25,58,68,63,11,30
0,0,0,0,0,0,0,0,0,0,0,0,0,0,0,0,0,0,0,0
0,0,0,0,0,0,0,0,0,0,0,0,0,0,0,0,0,0,0,0
0,0,0,0,0,0,0,0,0,0,0,0,0,0,0,0,0,0,0,0
0,0,0,0,0,0,0,0,0,0,0,0,0,0,0,0,0,0,0,0
0,0,0,0,0,0,0,0,0,0,0,0,0,0,0,0,0,0,0,0
0,0,0,0,0,0,0,0,0,0,0,0,0,0,0,0,0,0,0,0
0,0,0,0,0,0,0,0,0,0,0,0,0,0,0,0,0,0,0,0
0,0,0,0,0,0,0,0,0,0,0,0,0,0,0,0,0,0,0,0
0,0,0,0,0,22,0,0,0,0,0,0,0,0,0,0,0,0,78,76
0,0,0,0,0,24,0,0,0,0,39,0,0,0,0,0,0,0,72,77
0,0,0,0,15,20,0,0,0,0,35,0,45,0,0,0,0,0,66,71
0,0,0,18,21,28,0,31,32,46,47,0,53,0,0,59,0,0,69,67
4,8,6,16,14,19,0,27,40,34,36,0,49,51,62,56,0,0,75,80
1,9,17,13,12,26,23,33,37,38,42,44,48,50,55,52,60,61,73,74
2,3,5,7,10,11,25,29,30,41,43,54,57,58,63,64,65,68,70,79
0,0,0,0,0,0,0,0,0,0,0,0,0,0,0,0,0,0,0,0
0,0,0,0,0,0,0,0,0,0,0,0,0,0,0,0,0,0,0,0
0,0,0,0,0,0,0,0,0,0,0,0,0,0,0,0,0,0,0,0
0,0,0,0,0,0,0,0,0,0,0,0,0,0,0,0,0,0,0,0
0,0,0,0,0,0,0,0,0,0,0,0,0,0,0,0,0,0,0,0
0,0,0,0,0,0,0,0,0,0,0,0,0,0,0,0,0,0,0,0
0,0,0,0,0,0,0,0,0,0,0,0,0,0,0,0,0,0,0,0
0,0,0,0,0,0,0,0,0,0,0,0,0,0,0,0,0,0,0,0
0,0,0,0,0,0,0,0,45,0,0,0,0,0,0,0,0,0,0,0
0,0,0,0,0,0,0,0,77,0,0,0,0,0,0,0,0,0,0,0
15,0,76,72,0,0,9,0,31,0,0,78,0,6,0,0,24,0,0,40
71,0,32,66,0,46,23,49,47,0,67,22,0,17,0,0,8,4,35,27
52,55,36,14,0,1,42,34,50,0,73,56,0,75,0,26,59,61,69,38
54,57,29,44,0,10,65,7,3,18,5,70,12,43,60,58,68,51,11,30
19,2,48,80,64,37,41,39,21,62,28,53,79,74,25,16,63,13,20,33
0,0,0,0,0,0,0,0,0,0,0,0,0,0,0,0,0,0,0,0
0,0,0,0,0,0,0,0,0,0,0,0,0,0,0,0,0,0,0,0
0,0,0,0,0,0,0,0,0,0,0,0,0,0,0,0,0,0,0,0
0,0,0,0,0,0,0,0,0,0,0,0,0,0,0,0,0,0,0,0
0,0,0,0,0,0,0,0,0,0,0,0,0,0,0,0,0,0,0,0
0,0,0,0,0,0,0,0,0,0,0,0,0,0,0,0,0,0,0,0
0,0,0,0,0,0,0,0,0,0,0,0,0,0,0,0,0,0,0,0
0,0,0,0,0,0,0,0,0,0,0,0,0,0,0,0,0,0,78,0
0,0,0,0,0,0,0,0,0,0,0,0,0,0,0,0,0,0,72,0
0,0,0,0,0,0,0,0,0,0,35,0,0,0,0,0,0,0,66,0
0,0,0,0,15,22,0,0,0,0,47,0,0,0,0,0,0,0,69,76
0,8,6,0,14,24,0,31,32,46,36,0,45,51,0,59,0,0,75,77
4,9,17,18,12,26,0,27,40,34,42,44,49,50,0,56,60,61,73,71
1,3,5,7,10,11,23,29,30,38,43,54,57,58,55,52,65,68,70,67
2,13,16,19,20,21,25,28,33,37,39,41,48,53,62,63,64,74,79,80
