2017-12-13
0,0,0,0,0,0,0,0,0,0,0,0,0,0,0,0,0,0,0,0
0,0,0,0,0,0,0,0,0,0,0,0,0,0,0,0,0,0,0,0
0,0,0,0,0,0,0,0,0,0,0,0,0,0,0,0,0,0,0,0
0,0,0,0,0,0,0,0,0,0,0,0,0,0,0,0,0,0,0,0
0,0,0,0,0,0,0,0,0,0,0,0,0,0,0,0,0,0,0,0
0,0,0,0,0,0,0,0,0,0,0,0,0,0,0,0,0,0,0,0
0,0,0,0,0,0,0,0,0,0,0,0,0,0,0,0,0,0,0,0
0,0,0,0,0,0,0,0,0,0,0,0,0,0,0,0,0,0,0,0
0,0,0,0,0,0,0,0,77,0,0,0,0,0,0,0,0,0,0,0
0,0,0,0,0,1,0,0,50,0,0,0,0,0,0,0,24,0,0,0
52,0,36,14,0,10,0,49,3,0,0,78,0,0,0,0,59,53,0,0
54,0,29,44,61,34,6,79,21,0,0,22,25,0,0,0,63,7,0,27
8,0,68,41,62,37,35,73,17,0,67,19,51,0,0,0,2,42,76,65
58,0,18,26,11,39,9,60,38,43,57,23,45,46,28,70,80,20,75,47
33,40,12,71,15,48,5,4,56,16,72,32,55,69,74,31,64,30,66,13
0,0,0,0,0,0,0,0,0,0,0,0,0,0,0,0,0,0,0,0
0,0,0,0,0,0,0,0,0,0,0,0,0,0,0,0,0,0,0,0
0,0,0,0,0,0,0,0,0,0,0,0,0,0,0,0,0,0,0,0
0,0,0,0,0,0,0,0,0,0,0,0,0,0,0,0,0,0,0,0
0,0,0,0,0,0,0,0,0,0,0,0,0,0,0,0,0,0,0,0
0,0,0,0,0,0,0,0,0,0,0,0,0,0,0,0,0,0,0,0
0,0,0,0,0,0,0,0,0,0,0,0,0,0,0,0,0,0,0,0
0,0,0,0,0,0,0,0,0,0,0,0,0,0,0,0,0,0,0,0
0,0,0,0,0,0,0,0,0,0,0,0,0,0,0,0,0,0,0,0
0,0,0,0,0,0,0,0,0,0,0,0,0,0,0,0,0,0,0,77
0,0,0,0,14,0,0,0,0,41,0,44,0,50,0,0,0,0,0,67
1,0,0,19,10,22,0,29,28,34,36,54,49,53,61,59,0,68,0,79
6,3,7,8,27,24,0,25,35,37,42,43,57,47,51,52,65,73,78,75
2,9,11,17,23,21,18,20,26,38,39,45,46,58,60,63,62,70,76,80
4,5,12,13,15,16,30,31,32,33,40,48,55,56,64,66,69,71,72,74
0,0,0,0,0,0,0,0,0,0,0,0,0,0,0,0,0,0,0,0
0,0,0,0,0,0,0,0,0,0,0,0,0,0,0,0,0,0,0,0
0,0,0,0,0,0,0,0,0,0,0,0,0,0,0,0,0,0,0,0
0,0,0,0,0,0,0,0,0,0,0,0,0,0,0,0,0,0,0,0
0,0,0,0,0,0,0,0,0,0,0,0,0,0,0,0,0,0,0,0
0,0,0,0,0,0,0,0,0,0,0,0,0,0,0,0,0,0,0,0
0,0,0,0,0,0,0,0,0,0,0,0,0,0,0,0,0,0,0,0
0,0,0,0,0,0,0,0,0,0,0,0,0,0,0,0,0,0,0,0
0,0,0,0,0,0,0,0,0,0,0,0,0,0,0,0,0,0,0,0
52,0,36,0,0,0,0,49,77,0,0,0,0,0,0,0,0,0,0,0
54,0,29,14,61,10,0,79,50,0,0,78,0,0,0,0,59,0,0,27
8,0,68,41,62,37,6,73,21,0,0,22,0,0,0,0,63,7,0,65
58,0,18,26,11,39,35,60,17,43,67,23,0,46,0,0,80,20,0,47
33,40,12,71,15,48,5,4,56,16,57,32,55,69,0,70,64,30,75,13
38,19,2,74,3,1,34,28,25,76,53,42,9,72,51,66,45,44,31,24
0,0,0,0,0,0,0,0,0,0,0,0,0,0,0,0,0,0,0,0
0,0,0,0,0,0,0,0,0,0,0,0,0,0,0,0,0,0,0,0
0,0,0,0,0,0,0,0,0,0,0,0,0,0,0,0,0,0,0,0
0,0,0,0,0,0,0,0,0,0,0,0,0,0,0,0,0,0,0,0
0,0,0,0,0,0,0,0,0,0,0,0,0,0,0,0,0,0,0,0
0,0,0,0,0,0,0,0,0,0,0,0,0,0,0,0,0,0,0,0
0,0,0,0,0,0,0,0,0,0,0,0,0,0,0,0,0,0,0,0
0,0,0,0,0,0,0,0,0,0,0,0,0,0,0,0,0,0,0,0
0,0,0,0,0,0,0,0,0,0,0,0,0,0,0,0,0,0,0,0
0,0,0,0,14,0,0,0,0,0,0,0,0,0,0,0,0,0,0,77
0,0,0,0,10,0,0,0,0,0,0,0,49,50,0,0,0,68,0,67
0,0,7,8,27,22,0,0,35,41,36,54,57,47,61,59,65,73,0,79
6,0,11,17,23,21,18,29,26,37,39,43,46,58,60,52,62,70,0,75
4,5,12,13,15,16,30,20,32,33,40,48,55,56,64,63,69,71,78,80
1,2,3,9,19,24,25,28,31,34,38,42,44,45,51,53,66,72,74,76
