2018-01-23
0,0,0,0,0,0,0,0,0,0,0,0,0,0,0,0,0,0,0,0
0,0,0,0,0,0,0,0,0,0,0,0,0,0,0,0,0,0,0,0
0,0,0,0,0,0,0,0,0,0,0,0,0,0,0,0,0,0,0,0
0,0,0,0,0,0,0,0,0,0,0,0,0,0,0,0,0,0,0,0
0,0,0,0,0,0,0,0,0,0,0,0,0,0,0,0,0,0,0,0
0,0,0,0,0,0,0,0,0,0,0,0,0,0,0,0,0,0,0,0
0,0,0,0,0,0,0,0,0,0,0,0,0,0,0,0,0,0,0,0
0,0,0,0,0,0,0,0,0,0,0,0,0,0,0,0,79,0,0,0
0,0,0,0,0,0,0,0,0,0,0,0,0,0,0,0,66,0,0,0
0,26,0,0,0,0,0,0,0,0,0,0,0,0,0,0,24,0,0,0
58,40,0,0,7,1,0,0,0,0,0,0,0,0,0,0,15,0,74,0
62,73,45,0,46,60,0,13,57,0,18,0,0,0,0,0,3,72,22,0
25,20,69,0,52,6,27,32,23,71,80,59,21,43,76,63,17,68,42,10
51,4,31,38,39,44,67,2,8,29,14,75,12,49,16,61,9,56,5,54
50,37,33,36,19,48,70,34,78,77,30,55,41,28,65,64,53,11,47,35
0,0,0,0,0,0,0,0,0,0,0,0,0,0,0,0,0,0,0,0
0,0,0,0,0,0,0,0,0,0,0,0,0,0,0,0,0,0,0,0
0,0,0,0,0,0,0,0,0,0,0,0,0,0,0,0,0,0,0,0
0,0,0,0,0,0,0,0,0,0,0,0,0,0,0,0,0,0,0,0
0,0,0,0,0,0,0,0,0,0,0,0,0,0,0,0,0,0,0,0
0,0,0,0,0,0,0,0,0,0,0,0,0,0,0,0,0,0,0,0
0,0,0,0,0,0,0,0,0,0,0,0,0,0,0,0,0,0,0,0
0,0,0,0,0,0,0,0,0,0,0,0,0,0,0,0,0,0,0,0
0,0,0,0,0,0,0,0,0,0,0,0,0,46,0,0,0,0,0,0
1,0,0,0,0,0,0,0,0,0,0,0,0,57,0,0,0,0,0,0
15,18,0,0,0,0,24,0,0,0,0,0,45,60,0,58,0,74,0,0
3,32,7,10,22,13,40,26,0,0,42,0,62,52,0,72,0,68,66,79
6,17,20,21,23,27,25,31,0,0,43,0,56,59,0,63,69,76,71,80
2,4,5,8,9,12,14,16,29,0,38,39,44,49,51,54,61,67,73,75
11,19,28,30,33,34,35,36,37,41,47,48,50,53,55,64,65,70,77,78
0,0,0,0,0,0,0,0,0,0,0,0,0,0,0,0,0,0,0,0
0,0,0,0,0,0,0,0,0,0,0,0,0,0,0,0,0,0,0,0
0,0,0,0,0,0,0,0,0,0,0,0,0,0,0,0,0,0,0,0
0,0,0,0,0,0,0,0,0,0,0,0,0,0,0,0,0,0,0,0
0,0,0,0,0,0,0,0,0,0,0,0,0,0,0,0,0,0,0,0
0,0,0,0,0,0,0,0,0,0,0,0,0,0,0,0,0,0,0,0
0,0,0,0,0,0,0,0,0,0,0,0,0,0,0,0,0,0,0,0
0,0,0,0,0,0,0,0,0,0,0,0,0,0,0,0,0,0,0,0
0,0,0,0,0,0,0,0,0,0,0,0,0,0,0,0,0,0,0,0
58,0,0,0,7,0,0,0,0,0,0,0,0,0,0,0,79,0,74,0
62,26,0,0,46,0,0,0,57,0,0,0,0,0,0,0,66,0,22,0
25,73,45,0,52,0,27,13,23,0,0,59,21,0,76,0,15,0,42,0
51,20,69,0,39,6,67,32,8,71,80,75,12,0,16,61,17,72,5,10
50,37,33,36,19,48,70,2,78,77,30,55,41,49,65,64,9,68,47,54
35,40,44,43,18,28,31,24,29,14,38,1,34,4,56,60,11,63,3,53
0,0,0,0,0,0,0,0,0,0,0,0,0,0,0,0,0,0,0,0
0,0,0,0,0,0,0,0,0,0,0,0,0,0,0,0,0,0,0,0
0,0,0,0,0,0,0,0,0,0,0,0,0,0,0,0,0,0,0,0
0,0,0,0,0,0,0,0,0,0,0,0,0,0,0,0,0,0,0,0
0,0,0,0,0,0,0,0,0,0,0,0,0,0,0,0,0,0,0,0
0,0,0,0,0,0,0,0,0,0,0,0,0,0,0,0,0,0,0,0
0,0,0,0,0,0,0,0,0,0,0,0,0,0,0,0,0,0,0,0
0,0,0,0,0,0,0,0,0,0,0,0,0,0,0,0,0,0,0,0
0,0,0,0,0,0,0,0,0,0,0,0,0,0,0,0,0,0,0,0
0,0,0,0,0,0,0,0,0,0,0,0,0,46,0,0,0,74,0,0
0,0,0,10,22,0,0,0,0,0,0,0,0,57,0,58,0,68,66,79
15,32,7,21,23,13,0,26,0,0,0,0,45,52,0,72,69,76,71,80
6,17,20,8,9,27,0,16,0,0,42,39,62,59,51,54,61,67,73,75
2,19,5,30,33,12,25,36,37,41,47,48,50,49,55,64,65,70,77,78
1,3,4,11,14,18,24,28,29,31,34,35,38,40,43,44,53,56,60,63
