2018-01-24
0,0,0,0,0,0,0,0,0,0,0,0,0,0,0,0,0,0,0,0
0,0,0,0,0,0,0,0,0,0,0,0,0,0,0,0,0,0,0,0
0,0,0,0,0,0,0,0,0,0,0,0,0,0,0,0,0,0,0,0
0,0,0,0,0,0,0,0,0,0,0,0,0,0,0,0,0,0,0,0
0,0,0,0,0,0,0,0,0,0,0,0,0,0,0,0,0,0,0,0
0,0,0,0,0,0,0,0,0,0,0,0,0,0,0,0,0,0,0,0
0,0,0,0,0,0,0,0,0,0,0,0,0,0,0,0,0,0,0,0
0,0,0,0,0,0,0,0,0,0,0,0,0,0,0,0,0,0,0,0
0,0,0,0,0,0,0,0,0,0,0,0,0,0,0,0,0,0,0,0
58,0,0,0,7,0,0,0,0,0,0,0,0,0,0,0,79,0,74,0
62,26,0,0,46,0,0,0,57,0,0,0,0,0,0,0,66,0,22,0
25,73,45,0,52,0,27,13,23,0,0,59,21,0,76,0,15,0,42,0
51,20,69,0,39,6,67,32,8,71,80,75,12,0,16,61,17,72,5,10
50,37,33,36,19,48,70,2,78,77,30,55,41,49,65,64,9,68,47,54
35,40,44,43,18,28,31,24,29,14,38,1,34,4,56,60,11,63,3,53
0,0,0,0,0,0,0,0,0,0,0,0,0,0,0,0,0,0,0,0
0,0,0,0,0,0,0,0,0,0,0,0,0,0,0,0,0,0,0,0
0,0,0,0,0,0,0,0,0,0,0,0,0,0,0,0,0,0,0,0
0,0,0,0,0,0,0,0,0,0,0,0,0,0,0,0,0,0,0,0
0,0,0,0,0,0,0,0,0,0,0,0,0,0,0,0,0,0,0,0
0,0,0,0,0,0,0,0,0,0,0,0,0,0,0,0,0,0,0,0
0,0,0,0,0,0,0,0,0,0,0,0,0,0,0,0,0,0,0,0
0,0,0,0,0,0,0,0,0,0,0,0,0,0,0,0,0,0,0,0
0,0,0,0,0,0,0,0,0,0,0,0,0,0,0,0,0,0,0,0
0,0,0,0,0,0,0,0,0,0,0,0,0,46,0,0,0,74,0,0
0,0,0,10,22,0,0,0,0,0,0,0,0,57,0,58,0,68,66,79
15,32,7,21,23,13,0,26,0,0,0,0,45,52,0,72,69,76,71,80
6,17,20,8,9,27,0,16,0,0,42,39,62,59,51,54,61,67,73,75
2,19,5,30,33,12,25,36,37,41,47,48,50,49,55,64,65,70,77,78
1,3,4,11,14,18,24,28,29,31,34,35,38,40,43,44,53,56,60,63
0,0,0,0,0,0,0,0,0,0,0,0,0,0,0,0,0,0,0,0
0,0,0,0,0,0,0,0,0,0,0,0,0,0,0,0,0,0,0,0
0,0,0,0,0,0,0,0,0,0,0,0,0,0,0,0,0,0,0,0
0,0,0,0,0,0,0,0,0,0,0,0,0,0,0,0,0,0,0,0
0,0,0,0,0,0,0,0,0,0,0,0,0,0,0,0,0,0,0,0
0,0,0,0,0,0,0,0,0,0,0,0,0,0,0,0,0,0,0,0
0,0,0,0,0,0,0,0,0,0,0,0,0,0,0,0,0,0,0,0
0,0,0,0,0,0,0,0,0,0,0,0,0,0,0,0,0,0,0,0
0,0,0,0,0,0,0,0,0,0,0,0,0,0,0,0,79,0,0,0
0,0,0,0,7,0,0,0,0,0,0,0,0,0,0,0,66,0,0,0
0,26,45,0,46,0,0,0,0,0,0,0,0,0,76,0,15,0,74,0
58,20,69,0,39,0,27,13,57,0,0,59,12,0,16,0,17,0,22,10
25,37,33,36,19,48,67,32,23,0,80,75,41,49,65,0,9,68,42,54
50,40,44,43,18,28,70,24,29,71,38,1,34,4,56,64,11,63,5,53
52,55,61,47,60,35,78,51,62,30,2,6,14,8,77,3,31,73,72,21
0,0,0,0,0,0,0,0,0,0,0,0,0,0,0,0,0,0,0,0
0,0,0,0,0,0,0,0,0,0,0,0,0,0,0,0,0,0,0,0
0,0,0,0,0,0,0,0,0,0,0,0,0,0,0,0,0,0,0,0
0,0,0,0,0,0,0,0,0,0,0,0,0,0,0,0,0,0,0,0
0,0,0,0,0,0,0,0,0,0,0,0,0,0,0,0,0,0,0,0
0,0,0,0,0,0,0,0,0,0,0,0,0,0,0,0,0,0,0,0
0,0,0,0,0,0,0,0,0,0,0,0,0,0,0,0,0,0,0,0
0,0,0,0,0,0,0,0,0,0,0,0,0,0,0,0,0,0,0,0
0,0,0,0,0,0,0,0,0,0,0,0,0,0,0,0,0,74,0,0
0,0,0,0,0,0,0,0,0,0,0,0,0,46,0,0,0,68,0,0
0,0,7,0,22,13,0,26,0,0,0,0,0,57,0,58,0,76,0,79
0,32,20,0,23,27,0,16,0,0,0,0,45,59,0,54,69,67,0,80
15,17,5,10,9,12,25,36,37,0,42,39,50,49,0,64,65,70,66,75
1,19,4,11,33,18,24,28,29,41,34,48,38,40,43,44,53,56,71,63
2,3,6,8,14,21,30,31,35,47,51,52,55,60,61,62,72,73,77,78
