2002-12-15
0,0,0,0,0,0,0,0,0,0,0,0,0,0,0,0,0,0,0,0
0,0,0,0,0,0,0,0,0,0,0,0,0,0,0,0,0,0,0,0
0,0,0,0,0,0,0,0,0,0,0,0,0,0,0,0,0,0,0,0
0,0,0,0,0,0,0,0,0,0,0,0,0,0,0,0,0,0,0,0
0,0,0,0,0,0,0,0,0,0,0,0,0,0,0,0,0,0,0,0
0,0,0,0,0,0,0,0,0,0,0,0,0,0,0,0,0,0,0,0
0,0,0,0,0,0,0,0,0,0,0,0,0,0,0,0,0,0,0,0
0,0,0,0,0,0,0,0,0,0,0,0,0,0,0,0,0,0,0,0
0,0,0,36,0,0,0,0,0,0,0,0,0,0,0,0,0,71,0,0
0,0,0,55,0,0,0,0,0,0,0,0,0,0,0,0,0,12,0,0
0,0,0,48,0,14,20,0,4,0,0,0,74,62,51,0,0,11,0,0
0,0,0,8,0,79,38,0,2,46,58,61,24,78,52,67,0,28,66,0
37,0,17,80,0,77,76,22,15,63,59,42,21,56,32,1,0,30,60,0
5,3,54,16,0,25,75,13,34,44,72,31,70,27,40,65,47,33,50,18
6,45,57,10,26,29,64,69,73,39,35,19,68,41,9,23,7,43,53,49
0,0,0,0,0,0,0,0,0,0,0,0,0,0,0,0,0,0,0,0
0,0,0,0,0,0,0,0,0,0,0,0,0,0,0,0,0,0,0,0
0,0,0,0,0,0,0,0,0,0,0,0,0,0,0,0,0,0,0,0
0,0,0,0,0,0,0,0,0,0,0,0,0,0,0,0,0,0,0,0
0,0,0,0,0,0,0,0,0,0,0,0,0,0,0,0,0,0,0,0
0,0,0,0,0,0,0,0,0,0,0,0,0,0,0,0,0,0,0,0
0,0,0,0,0,0,0,0,0,0,0,0,0,0,0,0,0,0,0,0
0,0,0,0,0,0,0,0,0,0,0,0,0,0,0,0,0,0,0,0
12,0,0,0,0,0,0,0,0,0,0,0,0,0,0,71,0,0,0,0
4,0,0,22,0,0,0,0,0,0,0,0,0,61,0,66,0,0,0,78
1,0,0,11,0,0,0,0,0,0,0,0,55,48,0,47,0,0,0,79
8,0,20,17,14,0,0,24,0,0,0,0,59,60,0,65,74,0,0,76
5,0,15,18,21,36,32,30,37,42,51,0,54,63,58,72,62,0,77,80
3,2,13,16,25,28,27,31,33,34,38,46,40,44,52,50,56,67,70,75
6,7,9,10,19,23,26,29,35,39,41,43,45,49,53,57,64,68,69,73
0,0,0,0,0,0,0,0,0,0,0,0,0,0,0,0,0,0,0,0
0,0,0,0,0,0,0,0,0,0,0,0,0,0,0,0,0,0,0,0
0,0,0,0,0,0,0,0,0,0,0,0,0,0,0,0,0,0,0,0
0,0,0,0,0,0,0,0,0,0,0,0,0,0,0,0,0,0,0,0
0,0,0,0,0,0,0,0,0,0,0,0,0,0,0,0,0,0,0,0
0,0,0,0,0,0,0,0,0,0,0,0,0,0,0,0,0,0,0,0
0,0,0,0,0,0,0,0,0,0,0,0,0,0,0,0,0,0,0,0
0,0,0,0,0,0,0,0,0,0,0,0,0,0,0,0,0,0,0,0
0,0,0,0,0,0,0,0,0,0,0,0,0,0,0,0,0,71,0,0
0,0,0,0,0,14,0,0,0,0,0,0,0,0,0,0,0,11,0,0
0,0,0,36,0,79,20,0,0,0,58,0,0,0,51,67,0,28,66,0
0,0,17,55,0,77,38,0,4,0,59,42,24,62,52,1,0,30,60,0
0,3,54,48,0,25,76,22,2,46,72,31,21,78,32,65,0,33,50,0
37,45,57,16,26,29,75,69,34,63,35,19,70,27,9,23,7,43,53,18
8,80,64,13,73,12,56,6,10,61,44,40,15,68,39,41,74,47,5,49
0,0,0,0,0,0,0,0,0,0,0,0,0,0,0,0,0,0,0,0
0,0,0,0,0,0,0,0,0,0,0,0,0,0,0,0,0,0,0,0
0,0,0,0,0,0,0,0,0,0,0,0,0,0,0,0,0,0,0,0
0,0,0,0,0,0,0,0,0,0,0,0,0,0,0,0,0,0,0,0
0,0,0,0,0,0,0,0,0,0,0,0,0,0,0,0,0,0,0,0
0,0,0,0,0,0,0,0,0,0,0,0,0,0,0,0,0,0,0,0
0,0,0,0,0,0,0,0,0,0,0,0,0,0,0,0,0,0,0,0
0,0,0,0,0,0,0,0,0,0,0,0,0,0,0,0,0,0,0,0
0,0,0,0,0,0,0,0,0,0,0,0,0,0,0,71,0,0,0,0
0,0,0,22,0,0,0,0,0,0,0,0,0,0,0,66,0,0,0,0
0,0,0,11,14,0,0,24,0,0,0,0,55,0,0,65,0,0,0,78
4,0,0,17,21,36,32,30,37,0,0,0,59,48,58,72,0,0,77,79
1,2,20,18,25,28,27,31,33,42,51,46,54,60,52,50,0,0,70,76
3,7,9,16,19,23,26,29,35,34,38,43,45,63,53,57,62,67,69,75
5,6,8,10,12,13,15,39,40,41,44,47,49,56,61,64,68,73,74,80
