2018-07-22
0,0,0,0,0,0,0,0,0,0,0,0,0,0,0,0,0,0,0,0
0,0,0,0,0,0,0,0,0,0,0,0,0,0,0,0,0,0,0,0
0,0,0,0,0,0,0,0,0,0,0,0,0,0,0,0,0,0,0,0
0,0,0,0,0,0,0,0,0,0,0,0,0,0,0,0,0,0,0,0
0,0,0,0,0,0,0,0,0,0,0,0,0,0,0,0,0,0,0,0
0,0,0,0,0,0,0,0,0,0,0,0,0,0,0,0,0,0,0,0
0,0,0,0,0,0,0,0,0,0,0,0,0,0,0,0,0,0,0,0
0,0,0,0,0,0,0,0,0,0,0,0,0,0,0,0,0,0,0,0
0,0,0,0,0,0,0,0,0,0,0,0,0,0,0,0,0,0,0,0
0,0,0,0,0,0,0,0,0,0,0,0,35,0,0,0,0,0,0,0
0,0,25,0,0,79,0,47,0,73,0,0,51,0,0,0,0,10,0,0
0,38,67,44,64,77,26,57,0,6,0,0,37,43,0,28,0,21,0,2
33,65,74,1,22,34,3,61,62,27,5,29,52,40,39,36,71,23,54,69
7,60,48,45,30,78,31,59,58,72,49,24,68,55,14,75,9,12,66,17
4,13,41,15,46,8,18,32,80,70,20,56,76,63,50,16,19,42,11,53
0,0,0,0,0,0,0,0,0,0,0,0,0,0,0,0,0,0,0,0
0,0,0,0,0,0,0,0,0,0,0,0,0,0,0,0,0,0,0,0
0,0,0,0,0,0,0,0,0,0,0,0,0,0,0,0,0,0,0,0
0,0,0,0,0,0,0,0,0,0,0,0,0,0,0,0,0,0,0,0
0,0,0,0,0,0,0,0,0,0,0,0,0,0,0,0,0,0,0,0
0,0,0,0,0,0,0,0,0,0,0,0,0,0,0,0,0,0,0,0
0,0,0,0,0,0,0,0,0,0,0,0,0,0,0,0,0,0,0,0
0,0,0,0,0,0,0,0,0,0,0,0,0,0,0,0,0,0,0,0
0,0,0,0,0,0,0,0,0,0,0,0,0,0,0,0,0,0,0,0
0,0,0,0,0,0,0,0,0,0,0,0,0,64,0,0,0,0,79,0
1,0,0,0,10,0,0,0,0,0,25,0,43,54,57,0,0,0,67,0
2,0,0,0,21,0,27,38,29,44,47,0,40,51,61,0,0,71,77,73
5,6,0,26,22,35,28,31,34,39,33,0,49,52,55,62,65,69,72,74
7,3,9,12,14,23,24,17,36,30,45,37,48,58,59,60,66,68,75,78
4,8,11,13,15,16,18,19,20,32,41,42,46,50,53,56,63,70,76,80
0,0,0,0,0,0,0,0,0,0,0,0,0,0,0,0,0,0,0,0
0,0,0,0,0,0,0,0,0,0,0,0,0,0,0,0,0,0,0,0
0,0,0,0,0,0,0,0,0,0,0,0,0,0,0,0,0,0,0,0
0,0,0,0,0,0,0,0,0,0,0,0,0,0,0,0,0,0,0,0
0,0,0,0,0,0,0,0,0,0,0,0,0,0,0,0,0,0,0,0
0,0,0,0,0,0,0,0,0,0,0,0,0,0,0,0,0,0,0,0
0,0,0,0,0,0,0,0,0,0,0,0,0,0,0,0,0,0,0,0
0,0,0,0,0,0,0,0,0,0,0,0,0,0,0,0,0,0,0,0
0,0,0,0,0,0,0,0,0,0,0,0,0,0,0,0,0,0,0,0
0,0,0,0,0,0,0,47,0,73,0,0,35,0,0,0,0,10,0,0
0,0,0,0,0,0,0,57,0,6,0,0,51,0,0,0,0,21,0,0
0,38,74,0,64,79,26,61,62,27,5,0,37,0,39,28,0,23,0,2
0,65,48,44,22,77,3,59,58,72,49,0,52,43,14,36,71,12,66,69
7,60,41,1,30,8,31,32,80,70,20,29,68,40,50,75,19,42,11,53
24,67,54,55,45,76,17,34,78,4,46,9,16,56,18,63,13,33,15,25
0,0,0,0,0,0,0,0,0,0,0,0,0,0,0,0,0,0,0,0
0,0,0,0,0,0,0,0,0,0,0,0,0,0,0,0,0,0,0,0
0,0,0,0,0,0,0,0,0,0,0,0,0,0,0,0,0,0,0,0
0,0,0,0,0,0,0,0,0,0,0,0,0,0,0,0,0,0,0,0
0,0,0,0,0,0,0,0,0,0,0,0,0,0,0,0,0,0,0,0
0,0,0,0,0,0,0,0,0,0,0,0,0,0,0,0,0,0,0,0
0,0,0,0,0,0,0,0,0,0,0,0,0,0,0,0,0,0,0,0
0,0,0,0,0,0,0,0,0,0,0,0,0,0,0,0,0,0,0,0
0,0,0,0,0,0,0,0,0,0,0,0,0,0,0,0,0,0,0,0
0,0,0,0,0,0,0,0,0,0,0,0,0,64,0,0,0,0,0,0
1,0,0,0,10,0,0,0,0,44,0,0,43,51,57,0,0,71,79,0
2,6,0,0,21,0,0,38,29,39,0,0,40,52,61,0,0,69,77,73
5,3,0,26,22,35,27,31,36,30,47,37,49,58,59,62,65,68,72,74
7,8,11,12,14,23,28,19,20,32,41,42,48,50,53,60,66,70,75,80
4,9,13,15,16,17,18,24,25,33,34,45,46,54,55,56,63,67,76,78
