2018-08-25
0,0,0,0,0,0,0,0,0,0,0,0,0,0,0,0,0,0,0,0
0,0,0,0,0,0,0,0,0,0,0,0,0,0,0,0,0,0,0,0
0,0,0,0,0,0,0,0,0,0,0,0,0,0,0,0,0,0,0,0
0,0,0,0,0,0,0,0,0,0,0,0,0,0,0,0,0,0,0,0
0,0,0,0,0,0,0,0,0,0,0,0,0,0,0,0,0,0,0,0
0,0,0,0,0,0,0,0,0,0,0,0,0,0,0,0,0,0,0,0
0,0,0,0,0,0,0,0,0,0,0,0,0,0,0,0,0,0,0,0
0,0,0,0,0,0,0,0,0,0,0,0,0,0,0,0,0,0,0,0
0,0,0,0,0,0,0,0,0,0,0,0,0,0,0,0,0,0,0,0
19,0,0,0,16,0,0,0,70,71,0,0,0,0,0,0,0,0,0,0
56,0,0,0,59,0,0,0,41,52,0,0,0,0,1,0,65,0,0,0
20,0,0,0,51,8,0,15,76,21,0,75,60,73,78,24,31,0,0,17
6,72,35,0,9,49,50,13,36,44,38,7,18,29,42,34,64,46,0,39
54,11,33,58,25,47,12,10,67,22,14,62,43,69,5,53,30,27,0,23
57,63,4,79,61,28,2,68,66,77,45,48,55,32,80,74,40,3,26,37
0,0,0,0,0,0,0,0,0,0,0,0,0,0,0,0,0,0,0,0
0,0,0,0,0,0,0,0,0,0,0,0,0,0,0,0,0,0,0,0
0,0,0,0,0,0,0,0,0,0,0,0,0,0,0,0,0,0,0,0
0,0,0,0,0,0,0,0,0,0,0,0,0,0,0,0,0,0,0,0
0,0,0,0,0,0,0,0,0,0,0,0,0,0,0,0,0,0,0,0
0,0,0,0,0,0,0,0,0,0,0,0,0,0,0,0,0,0,0,0
0,0,0,0,0,0,0,0,0,0,0,0,0,0,0,0,0,0,0,0
0,0,0,0,0,0,0,0,0,0,0,0,0,0,0,0,0,0,0,0
0,0,0,0,0,0,0,0,0,0,0,0,0,0,56,0,0,0,0,0
0,0,0,0,0,0,0,0,0,0,0,0,0,0,60,0,0,72,0,0
0,21,8,0,15,17,0,0,0,0,0,0,52,0,59,0,0,75,0,0
0,7,11,19,18,16,34,24,46,51,0,0,41,0,64,0,65,76,0,0
0,6,9,13,31,20,29,38,39,36,42,58,44,0,50,71,73,62,70,0
1,5,10,12,14,22,23,25,35,27,30,43,33,49,47,53,54,67,69,78
2,3,4,26,28,32,37,40,45,48,55,57,61,63,66,68,74,77,79,80
0,0,0,0,0,0,0,0,0,0,0,0,0,0,0,0,0,0,0,0
0,0,0,0,0,0,0,0,0,0,0,0,0,0,0,0,0,0,0,0
0,0,0,0,0,0,0,0,0,0,0,0,0,0,0,0,0,0,0,0
0,0,0,0,0,0,0,0,0,0,0,0,0,0,0,0,0,0,0,0
0,0,0,0,0,0,0,0,0,0,0,0,0,0,0,0,0,0,0,0
0,0,0,0,0,0,0,0,0,0,0,0,0,0,0,0,0,0,0,0
0,0,0,0,0,0,0,0,0,0,0,0,0,0,0,0,0,0,0,0
0,0,0,0,0,0,0,0,0,0,0,0,0,0,0,0,0,0,0,0
0,0,0,0,0,0,0,0,0,71,0,0,0,0,0,0,0,0,0,0
0,0,0,0,0,0,0,0,0,52,0,0,0,0,0,0,0,0,0,0
19,0,0,0,0,8,0,0,70,21,0,75,0,0,0,24,0,0,0,17
56,0,0,0,59,49,50,13,76,44,0,7,0,73,1,34,0,46,0,39
54,72,33,58,51,47,12,10,36,22,0,62,60,29,5,53,64,27,0,23
57,63,4,79,9,28,2,68,66,77,38,48,18,32,80,74,30,3,26,37
45,43,31,65,78,25,55,40,11,69,67,41,20,16,6,15,42,61,14,35
0,0,0,0,0,0,0,0,0,0,0,0,0,0,0,0,0,0,0,0
0,0,0,0,0,0,0,0,0,0,0,0,0,0,0,0,0,0,0,0
0,0,0,0,0,0,0,0,0,0,0,0,0,0,0,0,0,0,0,0
0,0,0,0,0,0,0,0,0,0,0,0,0,0,0,0,0,0,0,0
0,0,0,0,0,0,0,0,0,0,0,0,0,0,0,0,0,0,0,0
0,0,0,0,0,0,0,0,0,0,0,0,0,0,0,0,0,0,0,0
0,0,0,0,0,0,0,0,0,0,0,0,0,0,0,0,0,0,0,0
0,0,0,0,0,0,0,0,0,0,0,0,0,0,56,0,0,0,0,0
0,0,0,0,0,0,0,0,0,0,0,0,0,0,60,0,0,0,0,0
0,0,0,0,0,0,0,0,0,0,0,0,0,0,59,0,0,72,0,0
0,21,8,19,0,0,34,0,0,51,0,0,0,0,64,0,0,75,0,0
0,7,9,13,0,17,29,0,0,36,0,0,52,0,50,71,73,76,0,0
1,5,10,12,18,22,23,24,46,27,0,58,44,49,47,53,54,62,70,0
2,3,4,26,28,32,37,38,39,48,30,57,33,63,66,68,74,77,79,80
6,11,14,15,16,20,25,31,35,40,41,42,43,45,55,61,65,67,69,78
