2018-10-05
0,0,0,0,0,0,0,0,0,0,0,0,0,0,0,0,0,0,0,0
0,0,0,0,0,0,0,0,0,0,0,0,0,0,0,0,0,0,0,0
0,0,0,0,0,0,0,0,0,0,0,0,0,0,0,0,0,0,0,0
0,0,0,0,0,0,0,0,0,0,0,0,0,0,0,0,0,0,0,0
0,0,0,0,0,0,0,0,0,0,0,0,0,0,0,0,0,0,0,0
0,0,0,0,0,0,0,0,0,0,0,0,0,0,0,0,0,0,0,0
0,0,0,0,0,0,0,0,0,0,0,0,0,0,0,0,0,0,0,0
0,0,0,0,0,0,0,0,0,0,0,0,0,0,0,0,0,0,0,0
0,0,0,0,0,0,0,0,0,0,0,0,0,0,0,0,0,0,0,21
0,0,27,0,0,0,0,0,0,0,0,0,0,0,0,0,0,0,0,60
33,0,38,0,26,0,0,0,0,0,0,0,1,0,0,0,59,0,0,14
18,0,77,0,12,46,0,65,78,48,69,0,25,0,49,0,79,19,51,6
45,67,4,5,44,54,55,22,32,42,75,0,43,0,10,0,41,72,24,2
58,37,34,73,20,15,28,53,52,71,39,16,8,35,70,30,23,17,80,76
47,29,36,9,64,13,61,50,63,68,31,56,66,74,40,62,57,11,3,7
0,0,0,0,0,0,0,0,0,0,0,0,0,0,0,0,0,0,0,0
0,0,0,0,0,0,0,0,0,0,0,0,0,0,0,0,0,0,0,0
0,0,0,0,0,0,0,0,0,0,0,0,0,0,0,0,0,0,0,0
0,0,0,0,0,0,0,0,0,0,0,0,0,0,0,0,0,0,0,0
0,0,0,0,0,0,0,0,0,0,0,0,0,0,0,0,0,0,0,0
0,0,0,0,0,0,0,0,0,0,0,0,0,0,0,0,0,0,0,0
0,0,0,0,0,0,0,0,0,0,0,0,0,0,0,0,0,0,0,0
0,0,0,0,0,0,0,0,0,0,0,0,0,0,0,0,0,0,0,0
0,0,0,0,0,0,0,21,0,0,0,0,0,0,0,0,0,0,0,0
0,0,0,0,0,0,0,30,0,0,0,0,0,0,0,0,0,0,0,0
0,5,25,14,0,26,0,38,0,0,33,0,0,0,0,0,0,65,0,0
1,19,12,10,28,18,0,46,0,0,27,44,52,0,0,0,60,75,77,79
2,6,22,24,32,35,0,37,39,48,49,45,54,55,0,59,69,67,72,78
8,4,15,16,17,20,23,34,41,42,43,53,58,51,0,70,71,73,76,80
3,7,9,11,13,29,31,36,40,47,50,56,57,61,62,63,64,66,68,74
0,0,0,0,0,0,0,0,0,0,0,0,0,0,0,0,0,0,0,0
0,0,0,0,0,0,0,0,0,0,0,0,0,0,0,0,0,0,0,0
0,0,0,0,0,0,0,0,0,0,0,0,0,0,0,0,0,0,0,0
0,0,0,0,0,0,0,0,0,0,0,0,0,0,0,0,0,0,0,0
0,0,0,0,0,0,0,0,0,0,0,0,0,0,0,0,0,0,0,0
0,0,0,0,0,0,0,0,0,0,0,0,0,0,0,0,0,0,0,0
0,0,0,0,0,0,0,0,0,0,0,0,0,0,0,0,0,0,0,0
0,0,0,0,0,0,0,0,0,0,0,0,0,0,0,0,0,0,0,0
0,0,0,0,0,0,0,0,0,0,0,0,0,0,0,0,0,0,0,21
0,0,27,0,0,0,0,0,0,0,0,0,0,0,0,0,0,0,0,14
18,0,77,0,0,0,0,65,0,0,0,0,0,0,0,0,59,19,0,6
45,67,4,5,12,0,55,22,78,0,0,0,1,0,10,0,79,72,0,2
58,37,34,73,20,46,28,53,32,42,0,16,25,35,70,0,23,17,51,76
47,29,36,9,64,13,61,50,63,68,69,56,66,74,40,62,57,11,24,7
26,41,39,71,3,31,44,49,75,52,30,8,80,15,54,60,33,38,43,48
0,0,0,0,0,0,0,0,0,0,0,0,0,0,0,0,0,0,0,0
0,0,0,0,0,0,0,0,0,0,0,0,0,0,0,0,0,0,0,0
0,0,0,0,0,0,0,0,0,0,0,0,0,0,0,0,0,0,0,0
0,0,0,0,0,0,0,0,0,0,0,0,0,0,0,0,0,0,0,0
0,0,0,0,0,0,0,0,0,0,0,0,0,0,0,0,0,0,0,0
0,0,0,0,0,0,0,0,0,0,0,0,0,0,0,0,0,0,0,0
0,0,0,0,0,0,0,0,0,0,0,0,0,0,0,0,0,0,0,0
0,0,0,0,0,0,0,0,0,0,0,0,0,0,0,0,0,0,0,0
0,0,0,0,0,0,0,0,0,0,0,0,0,0,0,0,0,0,0,0
0,5,0,14,0,0,0,21,0,0,0,0,0,0,0,0,0,0,0,0
0,19,25,10,28,18,0,46,0,0,0,0,0,0,0,0,0,65,77,0
0,6,12,24,32,35,0,37,0,0,0,45,0,55,0,59,0,67,72,79
1,4,22,16,17,20,0,34,0,42,27,53,58,51,0,70,69,73,76,78
2,7,9,11,13,29,23,36,40,47,50,56,57,61,62,63,64,66,68,74
3,8,15,26,30,31,33,38,39,41,43,44,48,49,52,54,60,71,75,80
