2018-10-14
0,0,0,0,0,0,0,0,0,0,0,0,0,0,0,0,0,0,0,0
0,0,0,0,0,0,0,0,0,0,0,0,0,0,0,0,0,0,0,0
0,0,0,0,0,0,0,0,0,0,0,0,0,0,0,0,0,0,0,0
0,0,0,0,0,0,0,0,0,0,0,0,0,0,0,0,0,0,0,0
0,0,0,0,0,0,0,0,0,0,0,0,0,0,0,0,0,0,0,0
0,0,0,0,0,0,0,0,0,0,0,0,0,0,0,0,0,0,0,0
0,0,0,0,0,0,0,0,0,0,0,0,0,0,0,0,0,0,0,0
0,0,0,0,0,0,0,0,0,0,0,0,0,0,0,0,0,0,0,0
0,0,0,0,0,0,0,0,0,0,0,0,0,0,0,0,0,0,0,0
0,0,0,0,0,0,0,0,0,0,0,0,0,0,0,0,0,0,0,76
0,29,77,0,72,0,0,0,78,0,71,0,0,5,0,0,0,0,0,48
56,65,35,74,14,44,0,22,37,42,68,0,0,10,33,80,36,0,39,4
49,18,60,57,46,13,0,50,16,58,21,0,0,55,70,28,53,0,20,34
17,63,24,62,26,27,1,69,45,9,54,59,61,19,6,73,31,32,2,3
64,67,66,30,40,7,41,52,43,51,8,25,15,23,12,11,75,47,38,79
0,0,0,0,0,0,0,0,0,0,0,0,0,0,0,0,0,0,0,0
0,0,0,0,0,0,0,0,0,0,0,0,0,0,0,0,0,0,0,0
0,0,0,0,0,0,0,0,0,0,0,0,0,0,0,0,0,0,0,0
0,0,0,0,0,0,0,0,0,0,0,0,0,0,0,0,0,0,0,0
0,0,0,0,0,0,0,0,0,0,0,0,0,0,0,0,0,0,0,0
0,0,0,0,0,0,0,0,0,0,0,0,0,0,0,0,0,0,0,0
0,0,0,0,0,0,0,0,0,0,0,0,0,0,0,0,0,0,0,0
0,0,0,0,0,0,0,0,0,0,0,0,0,0,0,0,0,0,0,0
0,0,0,0,0,0,0,0,0,0,0,0,0,0,0,0,0,0,0,0
0,0,0,0,0,0,0,0,0,0,50,0,0,0,0,0,0,0,77,0
0,4,22,0,0,0,0,0,0,42,37,0,48,0,57,0,0,0,76,0
1,5,10,21,14,0,0,0,0,36,39,0,53,0,58,71,74,0,72,78
9,13,16,20,24,29,28,32,33,35,46,0,49,56,55,59,68,0,70,80
2,3,6,17,19,18,26,27,31,34,45,44,54,61,62,63,60,69,73,65
7,8,11,12,15,23,25,30,38,40,41,43,47,51,52,64,66,67,75,79
0,0,0,0,0,0,0,0,0,0,0,0,0,0,0,0,0,0,0,0
0,0,0,0,0,0,0,0,0,0,0,0,0,0,0,0,0,0,0,0
0,0,0,0,0,0,0,0,0,0,0,0,0,0,0,0,0,0,0,0
0,0,0,0,0,0,0,0,0,0,0,0,0,0,0,0,0,0,0,0
0,0,0,0,0,0,0,0,0,0,0,0,0,0,0,0,0,0,0,0
0,0,0,0,0,0,0,0,0,0,0,0,0,0,0,0,0,0,0,0
0,0,0,0,0,0,0,0,0,0,0,0,0,0,0,0,0,0,0,0
0,0,0,0,0,0,0,0,0,0,0,0,0,0,0,0,0,0,0,0
0,0,0,0,0,0,0,0,0,0,0,0,0,0,0,0,0,0,0,0
0,0,0,0,0,0,0,0,78,0,71,0,0,0,0,0,0,0,0,76
0,65,0,0,0,0,0,22,37,42,68,0,0,0,0,0,36,0,0,48
49,18,35,74,0,0,0,50,16,58,21,0,0,5,70,0,53,0,0,4
17,63,60,57,26,44,1,69,45,9,54,59,0,55,6,28,31,32,39,3
64,67,66,62,40,7,41,52,43,51,8,25,0,19,12,11,75,47,38,79
34,30,61,77,33,2,15,56,80,72,27,14,13,20,46,73,29,10,24,23
0,0,0,0,0,0,0,0,0,0,0,0,0,0,0,0,0,0,0,0
0,0,0,0,0,0,0,0,0,0,0,0,0,0,0,0,0,0,0,0
0,0,0,0,0,0,0,0,0,0,0,0,0,0,0,0,0,0,0,0
0,0,0,0,0,0,0,0,0,0,0,0,0,0,0,0,0,0,0,0
0,0,0,0,0,0,0,0,0,0,0,0,0,0,0,0,0,0,0,0
0,0,0,0,0,0,0,0,0,0,0,0,0,0,0,0,0,0,0,0
0,0,0,0,0,0,0,0,0,0,0,0,0,0,0,0,0,0,0,0
0,0,0,0,0,0,0,0,0,0,0,0,0,0,0,0,0,0,0,0
0,0,0,0,0,0,0,0,0,0,0,0,0,0,0,0,0,0,0,0
0,0,0,0,0,0,0,0,0,0,50,0,48,0,57,0,0,0,0,0
0,4,22,0,0,0,0,0,0,42,37,0,53,0,58,71,74,0,0,0
1,5,16,21,0,0,28,0,0,36,39,0,49,0,55,59,68,0,76,78
9,3,6,17,0,0,26,0,31,35,45,44,54,0,62,63,60,69,70,65
7,8,11,12,19,18,25,32,38,40,41,43,47,51,52,64,66,67,75,79
2,10,13,14,15,20,23,24,27,29,30,33,34,46,56,61,72,73,77,80
