2019-01-08
0,0,0,0,0,0,0,0,0,0,0,0,0,0,0,0,0,0,0,0
0,0,0,0,0,0,0,0,0,0,0,0,0,0,0,0,0,0,0,0
0,0,0,0,0,0,0,0,0,0,0,0,0,0,0,0,0,0,0,0
0,0,0,0,0,0,0,0,0,0,0,0,0,0,0,0,0,0,0,0
0,0,0,0,0,0,0,0,0,0,0,0,0,0,0,0,0,0,0,0
0,0,0,0,0,0,0,0,0,0,0,0,0,0,0,0,0,0,0,0
0,0,0,0,0,0,0,0,0,0,0,0,0,0,0,0,0,0,0,0
0,0,0,0,0,0,0,0,0,0,0,0,0,0,0,0,0,0,0,0
0,0,0,0,0,0,0,0,0,0,0,0,0,0,0,0,0,0,0,0
0,0,55,0,0,0,0,0,0,32,0,0,0,0,0,0,0,0,0,0
0,0,54,0,0,0,0,0,0,38,61,0,0,0,0,70,15,0,50,7
0,16,20,0,36,69,0,46,0,29,24,0,3,40,0,17,4,30,26,72
53,51,66,0,42,35,0,67,78,65,34,0,8,13,43,52,75,74,9,27
10,60,5,44,56,49,47,41,37,19,6,25,2,28,31,48,45,80,73,62
77,59,21,22,18,68,57,12,76,1,33,39,11,64,71,79,58,63,23,14
0,0,0,0,0,0,0,0,0,0,0,0,0,0,0,0,0,0,0,0
0,0,0,0,0,0,0,0,0,0,0,0,0,0,0,0,0,0,0,0
0,0,0,0,0,0,0,0,0,0,0,0,0,0,0,0,0,0,0,0
0,0,0,0,0,0,0,0,0,0,0,0,0,0,0,0,0,0,0,0
0,0,0,0,0,0,0,0,0,0,0,0,0,0,0,0,0,0,0,0
0,0,0,0,0,0,0,0,0,0,0,0,0,0,0,0,0,0,0,0
0,0,0,0,0,0,0,0,0,0,0,0,0,0,0,0,0,0,0,0
0,0,0,0,0,0,0,0,0,0,0,0,0,0,0,0,0,0,0,0
0,0,0,0,0,0,0,38,0,0,0,0,0,0,0,0,0,0,0,0
0,0,16,0,0,0,32,46,0,0,0,0,0,0,0,0,0,0,0,0
0,7,17,0,0,0,40,27,30,0,51,55,0,0,0,0,72,0,0,0
0,4,13,0,0,0,26,34,36,50,52,54,0,0,61,67,69,0,70,0
3,9,8,20,0,28,29,35,42,43,44,53,0,0,65,66,74,75,78,0
2,5,6,10,15,19,24,25,31,37,41,45,47,48,49,56,60,62,73,80
1,11,12,14,18,21,22,23,33,39,57,58,59,63,64,68,71,76,77,79
0,0,0,0,0,0,0,0,0,0,0,0,0,0,0,0,0,0,0,0
0,0,0,0,0,0,0,0,0,0,0,0,0,0,0,0,0,0,0,0
0,0,0,0,0,0,0,0,0,0,0,0,0,0,0,0,0,0,0,0
0,0,0,0,0,0,0,0,0,0,0,0,0,0,0,0,0,0,0,0
0,0,0,0,0,0,0,0,0,0,0,0,0,0,0,0,0,0,0,0
0,0,0,0,0,0,0,0,0,0,0,0,0,0,0,0,0,0,0,0
0,0,0,0,0,0,0,0,0,0,0,0,0,0,0,0,0,0,0,0
0,0,0,0,0,0,0,0,0,0,0,0,0,0,0,0,0,0,0,0
0,0,0,0,0,0,0,0,0,0,0,0,0,0,0,0,0,0,0,0
0,0,55,0,0,0,0,0,0,0,0,0,0,0,0,0,0,0,0,0
0,16,54,0,0,0,0,0,0,38,61,0,0,40,0,70,0,0,50,7
0,51,20,0,36,35,0,46,0,65,34,0,3,13,0,17,0,74,26,72
10,60,66,44,42,49,0,67,78,19,6,0,2,28,43,52,4,80,9,27
77,59,5,22,18,68,47,41,76,1,33,39,11,64,31,48,45,63,23,14
75,73,69,32,37,12,58,53,29,24,30,21,56,57,8,15,62,25,71,79
0,0,0,0,0,0,0,0,0,0,0,0,0,0,0,0,0,0,0,0
0,0,0,0,0,0,0,0,0,0,0,0,0,0,0,0,0,0,0,0
0,0,0,0,0,0,0,0,0,0,0,0,0,0,0,0,0,0,0,0
0,0,0,0,0,0,0,0,0,0,0,0,0,0,0,0,0,0,0,0
0,0,0,0,0,0,0,0,0,0,0,0,0,0,0,0,0,0,0,0
0,0,0,0,0,0,0,0,0,0,0,0,0,0,0,0,0,0,0,0
0,0,0,0,0,0,0,0,0,0,0,0,0,0,0,0,0,0,0,0
0,0,0,0,0,0,0,0,0,0,0,0,0,0,0,0,0,0,0,0
0,0,0,0,0,0,0,38,0,0,0,0,0,0,0,0,0,0,0,0
0,7,0,0,0,0,0,46,0,0,0,0,0,0,0,0,0,0,0,0
0,4,16,0,0,0,0,27,36,0,51,0,0,0,61,0,0,0,0,0
3,9,17,20,0,0,40,34,42,50,52,55,0,0,65,67,72,0,70,0
2,5,13,10,0,28,26,35,31,43,44,54,47,48,49,66,74,0,78,0
1,11,6,14,18,19,22,23,33,39,41,45,59,63,64,68,60,76,77,80
8,12,15,21,24,25,29,30,32,37,53,56,57,58,62,69,71,73,75,79
