2019-01-13
0,0,0,0,0,0,0,0,0,0,0,0,0,0,0,0,0,0,0,0
0,0,0,0,0,0,0,0,0,0,0,0,0,0,0,0,0,0,0,0
0,0,0,0,0,0,0,0,0,0,0,0,0,0,0,0,0,0,0,0
0,0,0,0,0,0,0,0,0,0,0,0,0,0,0,0,0,0,0,0
0,0,0,0,0,0,0,0,0,0,0,0,0,0,0,0,0,0,0,0
0,0,0,0,0,0,0,0,0,0,0,0,0,0,0,0,0,0,0,0
0,0,0,0,0,0,0,0,0,0,0,0,0,0,0,0,0,0,0,0
0,0,0,0,0,0,0,0,0,0,0,0,0,0,0,0,0,0,0,0
0,0,0,0,0,0,0,0,0,0,0,0,0,0,0,17,0,0,0,0
0,0,54,0,0,0,0,0,0,0,0,0,0,0,0,52,0,0,0,0
0,0,20,0,0,35,0,0,0,0,0,39,0,0,31,15,45,63,0,0
0,25,5,22,2,49,0,67,0,19,61,21,0,57,44,18,70,12,26,0
0,59,69,16,75,48,0,65,0,55,29,10,0,58,38,14,74,51,9,0
64,41,78,76,79,43,47,11,80,23,46,1,34,3,68,8,56,71,72,36
4,66,7,28,27,32,50,40,13,6,77,33,60,42,53,37,62,24,30,73
0,0,0,0,0,0,0,0,0,0,0,0,0,0,0,0,0,0,0,0
0,0,0,0,0,0,0,0,0,0,0,0,0,0,0,0,0,0,0,0
0,0,0,0,0,0,0,0,0,0,0,0,0,0,0,0,0,0,0,0
0,0,0,0,0,0,0,0,0,0,0,0,0,0,0,0,0,0,0,0
0,0,0,0,0,0,0,0,0,0,0,0,0,0,0,0,0,0,0,0
0,0,0,0,0,0,0,0,0,0,0,0,0,0,0,0,0,0,0,0
0,0,0,0,0,0,0,0,0,0,0,0,0,0,0,0,0,0,0,0
0,0,0,0,0,0,0,0,0,0,0,0,0,0,0,0,0,0,0,0
0,0,0,0,0,0,0,0,0,0,0,0,0,0,0,0,0,0,0,0
0,0,0,0,0,0,0,0,0,0,0,0,0,0,0,0,0,0,0,0
0,0,0,20,0,0,0,0,0,0,0,54,47,63,61,67,0,0,0,0
2,9,0,21,12,0,26,35,31,39,0,45,57,44,49,69,58,70,0,0
3,5,17,14,16,19,22,18,25,38,52,48,51,55,59,65,74,75,72,0
1,10,15,8,11,23,29,34,36,41,43,46,56,64,68,71,76,78,79,80
4,6,7,13,24,27,28,30,32,33,37,40,42,50,53,60,62,66,73,77
0,0,0,0,0,0,0,0,0,0,0,0,0,0,0,0,0,0,0,0
0,0,0,0,0,0,0,0,0,0,0,0,0,0,0,0,0,0,0,0
0,0,0,0,0,0,0,0,0,0,0,0,0,0,0,0,0,0,0,0
0,0,0,0,0,0,0,0,0,0,0,0,0,0,0,0,0,0,0,0
0,0,0,0,0,0,0,0,0,0,0,0,0,0,0,0,0,0,0,0
0,0,0,0,0,0,0,0,0,0,0,0,0,0,0,0,0,0,0,0
0,0,0,0,0,0,0,0,0,0,0,0,0,0,0,0,0,0,0,0
0,0,0,0,0,0,0,0,0,0,0,0,0,0,0,17,0,0,0,0
0,0,0,0,0,0,0,0,0,0,0,0,0,0,0,52,0,0,0,0
0,0,54,0,0,0,0,0,0,0,0,0,0,0,0,15,0,0,0,0
0,25,20,0,0,0,0,0,0,0,61,39,0,0,31,18,0,63,0,0
0,59,5,22,75,0,0,67,0,0,29,21,0,57,44,14,70,12,0,0
64,41,78,16,79,35,47,11,80,19,46,10,0,3,68,8,56,51,9,0
4,66,7,28,27,49,50,40,13,55,77,33,0,42,53,37,62,24,72,73
48,71,32,45,43,26,69,65,74,76,1,60,2,30,36,38,23,58,34,6
0,0,0,0,0,0,0,0,0,0,0,0,0,0,0,0,0,0,0,0
0,0,0,0,0,0,0,0,0,0,0,0,0,0,0,0,0,0,0,0
0,0,0,0,0,0,0,0,0,0,0,0,0,0,0,0,0,0,0,0
0,0,0,0,0,0,0,0,0,0,0,0,0,0,0,0,0,0,0,0
0,0,0,0,0,0,0,0,0,0,0,0,0,0,0,0,0,0,0,0
0,0,0,0,0,0,0,0,0,0,0,0,0,0,0,0,0,0,0,0
0,0,0,0,0,0,0,0,0,0,0,0,0,0,0,0,0,0,0,0
0,0,0,0,0,0,0,0,0,0,0,0,0,0,0,0,0,0,0,0
0,0,0,0,0,0,0,0,0,0,0,0,0,0,0,0,0,0,0,0
0,0,0,20,0,0,0,0,0,0,0,0,47,63,61,0,0,0,0,0
0,0,0,21,12,0,0,0,0,0,0,0,57,44,49,0,0,70,0,0
0,9,17,14,16,0,22,0,0,39,0,54,51,55,59,0,0,75,72,0
3,5,15,8,11,19,29,35,31,41,52,46,56,64,68,0,0,78,79,80
4,10,7,13,24,27,28,18,25,33,37,40,42,50,53,67,62,66,73,77
1,2,6,23,26,30,32,34,36,38,43,45,48,58,60,65,69,71,74,76
