2003-01-19
0,0,0,0,0,0,0,0,0,0,0,0,0,0,0,0,0,0,0,0
0,0,0,0,0,0,0,0,0,0,0,0,0,0,0,0,0,0,0,0
0,0,0,0,0,0,0,0,0,0,0,0,0,0,0,0,0,0,0,0
0,0,0,0,0,0,0,0,0,0,0,0,0,0,0,0,0,0,0,0
0,0,0,0,0,0,0,0,0,0,0,0,0,0,0,0,0,0,0,0
0,0,0,0,0,0,0,0,0,0,0,0,0,0,0,0,0,0,0,0
0,0,0,0,0,0,0,0,0,0,0,0,0,0,0,0,0,0,0,0
0,0,0,0,0,0,0,0,0,0,0,0,0,0,0,0,0,0,0,0
0,0,0,0,0,0,0,0,0,44,0,0,0,0,0,0,0,0,0,0
0,0,0,0,0,0,0,0,0,7,0,0,0,0,0,25,32,0,0,0
41,0,0,0,0,0,0,0,0,63,79,0,0,0,0,36,23,0,0,0
74,6,31,0,0,68,43,0,0,59,61,18,50,37,0,27,70,60,0,0
65,33,17,48,24,30,72,0,67,54,2,58,38,47,0,10,8,53,71,57
73,16,62,40,29,3,69,42,55,64,12,78,20,46,76,1,28,75,19,11
26,35,4,21,45,5,9,49,22,52,56,14,80,15,77,51,34,39,13,66
0,0,0,0,0,0,0,0,0,0,0,0,0,0,0,0,0,0,0,0
0,0,0,0,0,0,0,0,0,0,0,0,0,0,0,0,0,0,0,0
0,0,0,0,0,0,0,0,0,0,0,0,0,0,0,0,0,0,0,0
0,0,0,0,0,0,0,0,0,0,0,0,0,0,0,0,0,0,0,0
0,0,0,0,0,0,0,0,0,0,0,0,0,0,0,0,0,0,0,0
0,0,0,0,0,0,0,0,0,0,0,0,0,0,0,0,0,0,0,0
0,0,0,0,0,0,0,0,0,0,0,0,0,0,0,0,0,0,0,0
0,0,0,0,0,0,0,0,0,0,0,0,0,0,0,0,0,0,0,0
0,0,0,0,0,0,0,0,0,0,0,0,0,0,0,0,0,0,0,0
0,0,0,0,0,0,0,0,0,41,0,0,0,0,0,0,0,63,0,0
0,0,0,0,0,18,0,23,48,36,0,44,58,0,0,70,61,68,0,0
7,0,0,8,0,25,0,31,32,37,0,43,54,60,0,59,71,74,75,0
2,0,0,10,24,17,27,29,30,42,0,50,47,53,65,67,72,76,78,0
1,3,6,11,12,16,19,20,28,33,38,40,46,57,55,62,64,69,73,79
4,5,9,13,14,15,21,22,26,34,35,39,45,49,51,52,56,66,77,80
0,0,0,0,0,0,0,0,0,0,0,0,0,0,0,0,0,0,0,0
0,0,0,0,0,0,0,0,0,0,0,0,0,0,0,0,0,0,0,0
0,0,0,0,0,0,0,0,0,0,0,0,0,0,0,0,0,0,0,0
0,0,0,0,0,0,0,0,0,0,0,0,0,0,0,0,0,0,0,0
0,0,0,0,0,0,0,0,0,0,0,0,0,0,0,0,0,0,0,0
0,0,0,0,0,0,0,0,0,0,0,0,0,0,0,0,0,0,0,0
0,0,0,0,0,0,0,0,0,0,0,0,0,0,0,0,0,0,0,0
0,0,0,0,0,0,0,0,0,0,0,0,0,0,0,0,0,0,0,0
0,0,0,0,0,0,0,0,0,0,0,0,0,0,0,0,32,0,0,0
41,0,0,0,0,0,0,0,0,0,0,0,0,0,0,25,23,0,0,0
74,6,0,0,0,0,43,0,0,44,0,0,0,0,0,36,70,0,0,0
65,33,0,48,0,0,72,0,67,59,2,58,0,47,0,27,8,60,0,57
73,16,0,40,24,68,69,42,55,54,12,78,0,46,0,10,28,53,71,11
26,35,4,21,45,30,9,49,22,52,56,14,50,15,77,1,34,39,13,66
17,5,64,7,29,19,61,76,75,51,37,31,79,3,62,20,18,80,63,38
0,0,0,0,0,0,0,0,0,0,0,0,0,0,0,0,0,0,0,0
0,0,0,0,0,0,0,0,0,0,0,0,0,0,0,0,0,0,0,0
0,0,0,0,0,0,0,0,0,0,0,0,0,0,0,0,0,0,0,0
0,0,0,0,0,0,0,0,0,0,0,0,0,0,0,0,0,0,0,0
0,0,0,0,0,0,0,0,0,0,0,0,0,0,0,0,0,0,0,0
0,0,0,0,0,0,0,0,0,0,0,0,0,0,0,0,0,0,0,0
0,0,0,0,0,0,0,0,0,0,0,0,0,0,0,0,0,0,0,0
0,0,0,0,0,0,0,0,0,0,0,0,0,0,0,0,0,0,0,0
0,0,0,0,0,0,0,0,0,0,0,0,0,0,0,0,0,0,0,0
0,0,0,0,0,0,0,0,48,41,0,44,58,0,0,0,0,0,0,0
0,0,0,8,0,0,0,0,32,36,0,43,54,60,0,70,0,68,0,0
2,0,0,10,24,25,0,0,30,42,0,50,47,53,0,59,71,74,78,0
1,0,6,11,12,16,27,23,28,33,0,40,46,57,65,67,72,69,73,0
4,0,9,13,14,15,21,22,26,34,35,39,45,49,55,52,56,66,77,0
3,5,7,17,18,19,20,29,31,37,38,51,61,62,63,64,75,76,79,80
