2019-02-28
0,0,0,0,0,0,0,0,0,0,0,0,0,0,0,0,0,0,0,0
0,0,0,0,0,0,0,0,0,0,0,0,0,0,0,0,0,0,0,0
0,0,0,0,0,0,0,0,0,0,0,0,0,0,0,0,0,0,0,0
0,0,0,0,0,0,0,0,0,0,0,0,0,0,0,0,0,0,0,0
0,0,0,0,0,0,0,0,0,0,0,0,0,0,0,0,0,0,0,0
0,0,0,0,0,0,0,0,0,0,0,0,0,0,0,0,0,0,0,0
0,0,0,0,0,0,0,0,0,0,0,0,0,0,0,0,0,0,0,0
0,0,0,0,0,0,20,0,0,0,0,0,0,0,0,0,0,0,0,0
0,0,0,0,0,0,65,0,0,0,0,0,0,0,0,0,0,0,0,0
0,0,46,0,0,39,49,0,0,0,0,0,0,0,0,0,0,0,0,0
0,0,79,0,0,64,61,0,0,0,6,0,0,0,0,0,45,0,0,13
0,0,71,0,0,5,44,0,0,0,69,7,0,38,0,16,76,28,0,73
15,19,40,0,56,41,37,9,75,10,14,23,63,25,50,55,34,53,68,21
2,67,48,4,66,8,77,57,59,47,11,32,24,78,1,51,42,74,18,27
35,52,30,22,43,3,80,33,60,31,70,36,26,17,72,29,54,62,12,58
0,0,0,0,0,0,0,0,0,0,0,0,0,0,0,0,0,0,0,0
0,0,0,0,0,0,0,0,0,0,0,0,0,0,0,0,0,0,0,0
0,0,0,0,0,0,0,0,0,0,0,0,0,0,0,0,0,0,0,0
0,0,0,0,0,0,0,0,0,0,0,0,0,0,0,0,0,0,0,0
0,0,0,0,0,0,0,0,0,0,0,0,0,0,0,0,0,0,0,0
0,0,0,0,0,0,0,0,0,0,0,0,0,0,0,0,0,0,0,0
0,0,0,0,0,0,0,0,0,0,0,0,0,0,0,0,0,0,0,0
0,0,0,0,0,0,0,0,0,0,0,0,0,0,0,0,0,0,0,0
0,0,0,0,13,0,0,0,0,0,0,0,0,0,0,0,0,75,0,0
0,0,0,0,39,0,0,0,0,0,0,0,0,49,0,0,0,68,0,0
0,0,7,0,19,0,0,25,0,28,0,0,0,45,0,0,0,71,0,0
5,10,15,0,16,0,0,32,0,38,0,46,65,53,0,64,63,73,79,0
2,4,9,6,21,0,23,34,0,40,0,44,47,55,56,61,69,66,76,0
1,8,11,14,18,20,24,27,37,42,41,48,51,57,50,59,67,74,77,78
3,12,17,22,26,29,30,31,33,35,36,43,52,54,58,60,62,70,72,80
0,0,0,0,0,0,0,0,0,0,0,0,0,0,0,0,0,0,0,0
0,0,0,0,0,0,0,0,0,0,0,0,0,0,0,0,0,0,0,0
0,0,0,0,0,0,0,0,0,0,0,0,0,0,0,0,0,0,0,0
0,0,0,0,0,0,0,0,0,0,0,0,0,0,0,0,0,0,0,0
0,0,0,0,0,0,0,0,0,0,0,0,0,0,0,0,0,0,0,0
0,0,0,0,0,0,0,0,0,0,0,0,0,0,0,0,0,0,0,0
0,0,0,0,0,0,0,0,0,0,0,0,0,0,0,0,0,0,0,0
0,0,0,0,0,0,0,0,0,0,0,0,0,0,0,0,0,0,0,0
0,0,0,0,0,0,0,0,0,0,0,0,0,0,0,0,0,0,0,0
0,0,0,0,0,0,20,0,0,0,0,0,0,0,0,0,0,0,0,13
0,0,0,0,0,5,65,0,0,0,6,0,0,38,0,16,45,0,0,73
0,19,46,0,0,41,49,0,0,0,69,0,0,25,50,55,76,28,0,21
2,67,40,4,56,8,37,57,75,10,11,23,63,78,1,51,34,53,18,27
35,52,48,22,43,3,77,33,59,31,70,36,24,17,72,29,54,74,12,58
32,14,9,68,66,71,7,39,15,64,42,30,80,61,44,79,47,60,62,26
0,0,0,0,0,0,0,0,0,0,0,0,0,0,0,0,0,0,0,0
0,0,0,0,0,0,0,0,0,0,0,0,0,0,0,0,0,0,0,0
0,0,0,0,0,0,0,0,0,0,0,0,0,0,0,0,0,0,0,0
0,0,0,0,0,0,0,0,0,0,0,0,0,0,0,0,0,0,0,0
0,0,0,0,0,0,0,0,0,0,0,0,0,0,0,0,0,0,0,0
0,0,0,0,0,0,0,0,0,0,0,0,0,0,0,0,0,0,0,0
0,0,0,0,0,0,0,0,0,0,0,0,0,0,0,0,0,0,0,0
0,0,0,0,0,0,0,0,0,0,0,0,0,0,0,0,0,0,0,0
0,0,0,0,0,0,0,0,0,0,0,0,0,49,0,0,0,0,0,0
0,0,0,0,13,0,0,0,0,0,0,0,0,45,0,0,0,0,0,0
5,10,0,0,19,0,0,25,0,28,0,0,0,53,0,0,0,75,0,0
2,4,0,0,16,0,0,34,0,38,0,46,65,55,56,0,63,73,76,0
1,8,11,6,21,20,23,27,37,40,41,48,51,57,50,0,69,74,77,0
3,12,17,22,18,29,24,31,33,35,36,43,52,54,58,59,67,70,72,78
7,9,14,15,26,30,32,39,42,44,47,60,61,62,64,66,68,71,79,80
