2019-06-04
0,0,0,0,0,0,0,0,0,0,0,0,0,0,0,0,0,0,0,0
0,0,0,0,0,0,0,0,0,0,0,0,0,0,0,0,0,0,0,0
0,0,0,0,0,0,0,0,0,0,0,0,0,0,0,0,0,0,0,0
0,0,0,0,0,0,0,0,0,0,0,0,0,0,0,0,0,0,0,0
0,0,0,0,0,0,0,0,0,0,0,0,0,0,0,0,0,0,0,0
0,0,0,0,0,0,0,0,0,0,0,0,0,0,0,0,0,0,0,0
0,0,0,0,0,0,0,0,0,0,0,0,0,0,0,0,0,0,0,0
0,0,0,0,0,0,0,0,0,0,0,0,0,0,0,0,0,0,0,0
0,0,0,0,0,0,0,0,0,0,0,0,0,0,0,0,0,0,0,0
0,0,0,0,0,0,0,0,0,0,0,0,0,0,27,0,28,0,0,0
0,0,0,0,14,0,41,0,0,0,74,0,38,0,68,0,21,45,62,53
0,1,0,24,40,0,55,0,0,0,63,0,22,0,10,0,72,29,37,7
5,31,36,78,80,0,32,66,52,0,60,15,43,47,77,9,25,17,35,71
75,58,79,42,4,11,33,57,13,70,12,50,3,59,16,8,26,65,48,30
20,34,54,6,64,69,18,44,67,19,51,49,2,73,39,76,46,23,61,56
0,0,0,0,0,0,0,0,0,0,0,0,0,0,0,0,0,0,0,0
0,0,0,0,0,0,0,0,0,0,0,0,0,0,0,0,0,0,0,0
0,0,0,0,0,0,0,0,0,0,0,0,0,0,0,0,0,0,0,0
0,0,0,0,0,0,0,0,0,0,0,0,0,0,0,0,0,0,0,0
0,0,0,0,0,0,0,0,0,0,0,0,0,0,0,0,0,0,0,0
0,0,0,0,0,0,0,0,0,0,0,0,0,0,0,0,0,0,0,0
0,0,0,0,0,0,0,0,0,0,0,0,0,0,0,0,0,0,0,0
0,0,0,0,0,0,0,0,0,0,0,0,0,0,0,0,0,0,0,0
0,0,0,0,0,0,0,0,0,0,0,0,0,0,0,0,0,0,0,0
0,0,10,0,0,0,0,0,27,0,0,0,0,0,0,0,0,0,0,0
0,0,11,0,21,0,28,0,36,0,41,62,0,0,0,59,0,68,0,0
0,0,9,7,24,29,38,40,25,0,47,37,0,57,0,66,0,72,74,80
0,14,5,8,31,15,17,22,32,55,60,43,45,52,0,63,0,71,77,79
1,3,4,13,12,16,26,30,33,35,42,48,53,50,0,58,65,70,78,75
2,6,18,19,20,23,34,39,44,46,49,51,54,56,61,64,67,69,73,76
0,0,0,0,0,0,0,0,0,0,0,0,0,0,0,0,0,0,0,0
0,0,0,0,0,0,0,0,0,0,0,0,0,0,0,0,0,0,0,0
0,0,0,0,0,0,0,0,0,0,0,0,0,0,0,0,0,0,0,0
0,0,0,0,0,0,0,0,0,0,0,0,0,0,0,0,0,0,0,0
0,0,0,0,0,0,0,0,0,0,0,0,0,0,0,0,0,0,0,0
0,0,0,0,0,0,0,0,0,0,0,0,0,0,0,0,0,0,0,0
0,0,0,0,0,0,0,0,0,0,0,0,0,0,0,0,0,0,0,0
0,0,0,0,0,0,0,0,0,0,0,0,0,0,0,0,0,0,0,0
0,0,0,0,0,0,0,0,0,0,0,0,0,0,0,0,0,0,0,0
0,0,0,0,0,0,0,0,0,0,0,0,0,0,27,0,0,0,0,0
0,1,0,0,0,0,41,0,0,0,0,0,22,0,10,0,0,45,0,53
5,31,36,24,14,0,55,0,52,0,0,0,43,47,77,9,21,29,0,7
75,58,79,78,40,0,32,57,13,70,12,15,3,59,16,8,72,65,48,30
20,34,54,42,4,11,18,44,67,19,51,49,2,73,39,76,25,23,61,56
35,33,62,74,6,46,37,17,69,28,80,26,38,71,66,68,50,60,63,64
0,0,0,0,0,0,0,0,0,0,0,0,0,0,0,0,0,0,0,0
0,0,0,0,0,0,0,0,0,0,0,0,0,0,0,0,0,0,0,0
0,0,0,0,0,0,0,0,0,0,0,0,0,0,0,0,0,0,0,0
0,0,0,0,0,0,0,0,0,0,0,0,0,0,0,0,0,0,0,0
0,0,0,0,0,0,0,0,0,0,0,0,0,0,0,0,0,0,0,0
0,0,0,0,0,0,0,0,0,0,0,0,0,0,0,0,0,0,0,0
0,0,0,0,0,0,0,0,0,0,0,0,0,0,0,0,0,0,0,0
0,0,0,0,0,0,0,0,0,0,0,0,0,0,0,0,0,0,0,0
0,0,10,0,0,0,0,0,0,0,0,0,0,0,0,0,0,0,0,0
0,0,11,0,21,0,0,0,27,0,0,0,0,0,0,0,0,0,0,0
0,0,9,7,24,29,0,40,36,0,41,0,0,0,0,0,0,0,0,0
0,0,5,8,31,15,0,22,25,0,47,43,45,57,0,0,0,0,77,79
1,14,4,13,12,16,0,30,32,0,42,48,53,52,0,59,65,72,78,75
2,3,18,19,20,23,34,39,44,55,49,51,54,56,61,58,67,70,73,76
6,17,26,28,33,35,37,38,46,50,60,62,63,64,66,68,69,71,74,80
