2019-08-10
0,0,0,0,0,0,0,0,0,0,0,0,0,0,0,0,0,0,0,0
0,0,0,0,0,0,0,0,0,0,0,0,0,0,0,0,0,0,0,0
0,0,0,0,0,0,0,0,0,0,0,0,0,0,0,0,0,0,0,0
0,0,0,0,0,0,0,0,0,0,0,0,0,0,0,0,0,0,0,0
0,0,0,0,0,0,0,0,0,0,0,0,0,0,0,0,0,0,0,0
0,0,0,0,0,0,0,0,0,0,0,0,0,0,0,0,0,0,0,0
0,0,0,0,0,0,0,0,0,0,0,0,0,0,0,0,0,0,0,0
0,0,0,0,0,0,0,0,0,0,0,0,0,0,0,41,0,0,0,0
0,0,0,0,0,0,0,0,0,0,0,0,0,0,0,2,0,0,0,0
0,24,0,0,0,0,0,0,0,0,0,0,0,0,18,38,0,0,0,0
0,17,0,0,0,0,74,0,0,10,0,39,0,14,13,36,0,0,0,0
54,70,0,0,46,4,78,0,23,66,0,55,0,60,31,68,0,0,0,0
11,34,67,0,45,52,56,0,6,59,19,9,53,26,51,27,37,0,16,71
30,3,35,48,57,61,69,12,5,64,49,40,80,44,22,7,20,63,1,25
65,75,76,73,72,33,62,32,28,77,58,21,43,47,29,8,15,50,79,42
0,0,0,0,0,0,0,0,0,0,0,0,0,0,0,0,0,0,0,0
0,0,0,0,0,0,0,0,0,0,0,0,0,0,0,0,0,0,0,0
0,0,0,0,0,0,0,0,0,0,0,0,0,0,0,0,0,0,0,0
0,0,0,0,0,0,0,0,0,0,0,0,0,0,0,0,0,0,0,0
0,0,0,0,0,0,0,0,0,0,0,0,0,0,0,0,0,0,0,0
0,0,0,0,0,0,0,0,0,0,0,0,0,0,0,0,0,0,0,0
0,0,0,0,0,0,0,0,0,0,0,0,0,0,0,0,0,0,0,0
0,0,0,0,0,0,0,0,0,0,0,0,0,0,0,0,0,0,0,0
0,0,0,0,0,0,0,0,0,0,0,0,0,0,0,0,0,0,0,0
4,10,0,0,0,24,0,0,23,0,0,41,0,0,0,0,0,0,0,0
2,17,0,0,14,18,0,0,38,0,0,39,54,60,0,0,74,0,0,0
6,16,0,0,13,19,0,35,46,0,0,53,45,55,0,0,67,0,0,80
1,5,0,9,36,37,26,27,31,0,0,49,51,59,52,71,61,66,68,78
3,7,0,12,11,20,22,25,30,0,34,40,44,48,56,57,63,64,69,70
8,15,21,28,29,32,33,42,43,47,50,58,62,65,72,73,75,76,77,79
0,0,0,0,0,0,0,0,0,0,0,0,0,0,0,0,0,0,0,0
0,0,0,0,0,0,0,0,0,0,0,0,0,0,0,0,0,0,0,0
0,0,0,0,0,0,0,0,0,0,0,0,0,0,0,0,0,0,0,0
0,0,0,0,0,0,0,0,0,0,0,0,0,0,0,0,0,0,0,0
0,0,0,0,0,0,0,0,0,0,0,0,0,0,0,0,0,0,0,0
0,0,0,0,0,0,0,0,0,0,0,0,0,0,0,0,0,0,0,0
0,0,0,0,0,0,0,0,0,0,0,0,0,0,0,0,0,0,0,0
0,0,0,0,0,0,0,0,0,0,0,0,0,0,0,0,0,0,0,0
0,0,0,0,0,0,0,0,0,0,0,0,0,0,0,2,0,0,0,0
0,0,0,0,0,0,74,0,0,0,0,0,0,0,18,38,0,0,0,0
0,0,0,0,0,4,78,0,23,0,0,39,0,0,31,36,0,0,0,0
0,0,67,0,46,52,56,0,6,10,19,9,0,0,51,68,37,0,0,71
54,24,35,48,45,61,69,12,5,66,49,40,80,0,22,7,20,63,0,25
11,70,76,73,57,33,62,32,28,59,58,21,43,26,29,8,15,50,79,42
47,60,75,41,1,44,34,3,13,30,64,77,14,16,27,65,17,72,53,55
0,0,0,0,0,0,0,0,0,0,0,0,0,0,0,0,0,0,0,0
0,0,0,0,0,0,0,0,0,0,0,0,0,0,0,0,0,0,0,0
0,0,0,0,0,0,0,0,0,0,0,0,0,0,0,0,0,0,0,0
0,0,0,0,0,0,0,0,0,0,0,0,0,0,0,0,0,0,0,0
0,0,0,0,0,0,0,0,0,0,0,0,0,0,0,0,0,0,0,0
0,0,0,0,0,0,0,0,0,0,0,0,0,0,0,0,0,0,0,0
0,0,0,0,0,0,0,0,0,0,0,0,0,0,0,0,0,0,0,0
0,0,0,0,0,0,0,0,0,0,0,0,0,0,0,0,0,0,0,0
0,0,0,0,0,24,0,0,0,0,0,0,0,0,0,0,0,0,0,0
0,0,0,0,0,18,0,0,23,0,0,0,0,0,0,0,0,0,0,0
4,10,0,0,0,19,0,0,38,0,0,39,54,0,0,0,74,0,0,80
2,5,0,9,36,37,26,35,46,0,0,49,45,0,0,71,67,0,0,78
6,7,0,12,11,20,22,25,31,0,0,40,51,59,52,57,61,66,68,70
8,15,21,28,29,32,33,42,43,0,50,58,62,48,56,73,63,76,69,79
1,3,13,14,16,17,27,30,34,41,44,47,53,55,60,64,65,72,75,77
