2019-09-09
0,0,0,0,0,0,0,0,0,0,0,0,0,0,0,0,0,0,0,0
0,0,0,0,0,0,0,0,0,0,0,0,0,0,0,0,0,0,0,0
0,0,0,0,0,0,0,0,0,0,0,0,0,0,0,0,0,0,0,0
0,0,0,0,0,0,0,0,0,0,0,0,0,0,0,0,0,0,0,0
0,0,0,0,0,0,0,0,0,0,0,0,0,0,0,0,0,0,0,0
0,0,0,0,0,0,0,0,0,0,0,0,0,0,0,0,0,0,0,0
0,0,0,0,0,0,0,0,0,0,0,0,0,0,0,0,0,0,0,0
0,0,0,0,0,0,0,0,0,0,0,0,0,31,0,0,0,0,0,0
0,0,0,0,0,0,0,0,0,0,0,0,0,46,0,0,0,0,0,0
0,0,0,0,0,0,0,0,0,0,0,44,0,67,0,33,0,0,0,0
0,0,0,0,0,0,0,0,0,0,57,22,0,61,0,19,0,5,0,0
0,14,13,48,20,0,6,0,0,0,11,32,0,15,0,23,49,7,74,59
0,29,17,66,26,24,16,0,79,58,80,1,41,18,0,42,27,12,40,10
56,73,39,28,8,78,69,72,52,36,4,71,51,21,55,53,76,2,63,34
75,70,30,60,38,64,35,47,3,65,9,25,43,37,54,50,68,45,77,62
0,0,0,0,0,0,0,0,0,0,0,0,0,0,0,0,0,0,0,0
0,0,0,0,0,0,0,0,0,0,0,0,0,0,0,0,0,0,0,0
0,0,0,0,0,0,0,0,0,0,0,0,0,0,0,0,0,0,0,0
0,0,0,0,0,0,0,0,0,0,0,0,0,0,0,0,0,0,0,0
0,0,0,0,0,0,0,0,0,0,0,0,0,0,0,0,0,0,0,0
0,0,0,0,0,0,0,0,0,0,0,0,0,0,0,0,0,0,0,0
0,0,0,0,0,0,0,0,0,0,0,0,0,0,0,0,0,0,0,0
0,0,0,0,0,0,0,0,0,0,0,0,0,0,0,0,0,0,0,0
0,0,0,0,0,0,0,0,0,0,46,0,0,0,0,0,0,0,0,0
0,0,0,13,0,0,31,0,0,0,44,33,0,0,0,0,0,0,0,0
0,0,0,10,0,0,23,0,0,0,29,42,0,0,58,0,0,0,0,0
5,7,6,11,14,19,20,0,0,0,32,41,0,0,40,0,67,74,0,79
1,12,17,18,15,16,24,22,48,0,53,34,57,59,63,0,66,61,78,80
2,4,8,21,28,36,39,26,27,51,52,55,49,56,69,0,71,72,73,76
3,9,25,30,35,37,38,43,45,47,50,54,60,62,64,65,68,70,75,77
0,0,0,0,0,0,0,0,0,0,0,0,0,0,0,0,0,0,0,0
0,0,0,0,0,0,0,0,0,0,0,0,0,0,0,0,0,0,0,0
0,0,0,0,0,0,0,0,0,0,0,0,0,0,0,0,0,0,0,0
0,0,0,0,0,0,0,0,0,0,0,0,0,0,0,0,0,0,0,0
0,0,0,0,0,0,0,0,0,0,0,0,0,0,0,0,0,0,0,0
0,0,0,0,0,0,0,0,0,0,0,0,0,0,0,0,0,0,0,0
0,0,0,0,0,0,0,0,0,0,0,0,0,0,0,0,0,0,0,0
0,0,0,0,0,0,0,0,0,0,0,0,0,0,0,0,0,0,0,0
0,0,0,0,0,0,0,0,0,0,0,0,0,0,0,33,0,0,0,0
0,0,0,0,0,0,0,0,0,0,0,0,0,46,0,19,0,0,0,0
0,0,0,0,0,0,6,0,0,0,57,44,0,67,0,23,0,7,74,0
0,14,13,0,0,0,16,0,79,0,11,22,0,15,0,42,0,12,40,59
56,73,17,48,20,78,69,72,52,36,4,71,41,21,0,53,27,2,63,34
75,70,39,66,38,64,35,47,3,65,9,25,43,37,54,50,76,45,77,62
58,10,24,32,26,51,61,30,1,55,5,18,80,28,60,8,68,29,31,49
0,0,0,0,0,0,0,0,0,0,0,0,0,0,0,0,0,0,0,0
0,0,0,0,0,0,0,0,0,0,0,0,0,0,0,0,0,0,0,0
0,0,0,0,0,0,0,0,0,0,0,0,0,0,0,0,0,0,0,0
0,0,0,0,0,0,0,0,0,0,0,0,0,0,0,0,0,0,0,0
0,0,0,0,0,0,0,0,0,0,0,0,0,0,0,0,0,0,0,0
0,0,0,0,0,0,0,0,0,0,0,0,0,0,0,0,0,0,0,0
0,0,0,0,0,0,0,0,0,0,0,0,0,0,0,0,0,0,0,0
0,0,0,0,0,0,0,0,0,0,0,0,0,0,0,0,0,0,0,0
0,0,0,0,0,0,0,0,0,0,0,0,0,0,0,0,0,0,0,0
0,0,0,0,0,0,0,0,0,0,46,33,0,0,0,0,0,0,0,0
0,7,0,0,0,19,23,0,0,0,44,42,0,0,40,0,0,0,0,0
0,12,6,13,14,16,20,0,48,0,53,41,0,59,63,0,67,74,78,79
2,4,17,11,15,36,39,22,27,0,52,34,0,56,69,0,66,72,73,76
3,9,25,21,35,37,38,43,45,47,50,54,57,62,64,65,71,70,75,77
1,5,8,10,18,24,26,28,29,30,31,32,49,51,55,58,60,61,68,80
