2019-12-10
0,0,0,0,0,0,0,0,0,0,0,0,0,0,0,0,0,0,0,0
0,0,0,0,0,0,0,0,0,0,0,0,0,0,0,0,0,0,0,0
0,0,0,0,0,0,0,0,0,0,0,0,0,0,0,0,0,0,0,0
0,0,0,0,0,0,0,0,0,0,0,0,0,0,0,0,0,0,0,0
0,0,0,0,0,0,0,0,0,0,0,0,0,0,0,0,0,0,0,0
0,0,0,0,0,0,0,0,0,0,0,0,0,0,0,0,0,0,0,0
0,0,0,0,0,0,0,0,0,0,0,0,0,0,0,0,0,0,0,0
0,0,0,0,0,0,0,0,0,0,0,0,0,0,0,0,0,0,0,0
0,0,0,0,0,0,0,0,0,0,0,0,0,0,0,0,0,0,0,0
0,74,0,0,0,0,11,0,0,0,0,0,0,0,0,0,0,0,0,0
0,79,0,0,0,0,25,0,0,41,0,0,0,0,18,0,30,0,0,0
0,17,27,0,51,0,54,0,28,76,0,16,0,58,64,60,59,29,0,12
77,66,4,3,57,61,68,8,15,50,75,24,2,47,37,43,33,67,31,34
21,53,14,35,55,48,23,46,63,9,40,42,38,36,6,70,19,72,69,73
32,1,7,20,78,71,44,10,13,52,26,5,39,45,65,22,62,80,56,49
0,0,0,0,0,0,0,0,0,0,0,0,0,0,0,0,0,0,0,0
0,0,0,0,0,0,0,0,0,0,0,0,0,0,0,0,0,0,0,0
0,0,0,0,0,0,0,0,0,0,0,0,0,0,0,0,0,0,0,0
0,0,0,0,0,0,0,0,0,0,0,0,0,0,0,0,0,0,0,0
0,0,0,0,0,0,0,0,0,0,0,0,0,0,0,0,0,0,0,0
0,0,0,0,0,0,0,0,0,0,0,0,0,0,0,0,0,0,0,0
0,0,0,0,0,0,0,0,0,0,0,0,0,0,0,0,0,0,0,0
0,0,0,0,0,0,0,0,0,0,0,0,0,0,0,0,0,0,0,0
0,0,0,0,0,0,0,0,0,0,0,0,0,0,0,0,0,0,0,0
0,0,0,11,0,0,0,28,0,0,0,0,0,0,0,0,0,0,75,0
0,0,0,15,0,0,30,34,0,25,0,0,0,0,0,0,0,64,74,0
0,3,8,12,18,0,29,23,0,51,35,0,0,41,0,0,61,60,76,79
2,4,14,17,16,27,31,33,0,40,43,47,54,58,50,0,59,66,67,77
6,9,19,21,24,36,38,42,46,48,53,55,37,57,63,69,70,72,73,68
1,5,7,10,13,20,22,26,32,39,44,45,49,52,56,62,65,71,78,80
0,0,0,0,0,0,0,0,0,0,0,0,0,0,0,0,0,0,0,0
0,0,0,0,0,0,0,0,0,0,0,0,0,0,0,0,0,0,0,0
0,0,0,0,0,0,0,0,0,0,0,0,0,0,0,0,0,0,0,0
0,0,0,0,0,0,0,0,0,0,0,0,0,0,0,0,0,0,0,0
0,0,0,0,0,0,0,0,0,0,0,0,0,0,0,0,0,0,0,0
0,0,0,0,0,0,0,0,0,0,0,0,0,0,0,0,0,0,0,0
0,0,0,0,0,0,0,0,0,0,0,0,0,0,0,0,0,0,0,0
0,0,0,0,0,0,0,0,0,0,0,0,0,0,0,0,0,0,0,0
0,74,0,0,0,0,0,0,0,0,0,0,0,0,0,0,0,0,0,0
0,79,0,0,0,0,11,0,0,0,0,0,0,0,18,0,0,0,0,0
0,17,0,0,0,0,25,0,0,0,0,0,0,58,64,0,0,0,0,12
0,66,0,0,0,61,54,0,15,0,0,24,2,47,37,43,30,67,31,34
0,53,14,3,51,48,68,8,63,41,0,42,38,36,6,70,19,72,69,73
32,1,7,35,78,71,44,46,13,9,26,5,39,45,65,22,62,80,56,49
21,52,77,28,50,40,57,59,33,60,4,76,75,29,55,23,16,27,10,20
0,0,0,0,0,0,0,0,0,0,0,0,0,0,0,0,0,0,0,0
0,0,0,0,0,0,0,0,0,0,0,0,0,0,0,0,0,0,0,0
0,0,0,0,0,0,0,0,0,0,0,0,0,0,0,0,0,0,0,0
0,0,0,0,0,0,0,0,0,0,0,0,0,0,0,0,0,0,0,0
0,0,0,0,0,0,0,0,0,0,0,0,0,0,0,0,0,0,0,0
0,0,0,0,0,0,0,0,0,0,0,0,0,0,0,0,0,0,0,0
0,0,0,0,0,0,0,0,0,0,0,0,0,0,0,0,0,0,0,0
0,0,0,0,0,0,0,0,0,0,0,0,0,0,0,0,0,0,0,0
0,0,0,0,0,0,0,0,0,0,0,0,0,0,0,0,0,0,0,0
0,0,0,0,0,0,0,0,0,0,0,0,0,0,0,0,0,0,0,0
0,0,8,11,0,0,30,0,0,25,35,0,0,0,0,0,0,64,74,0
2,3,14,15,18,0,31,34,0,51,43,0,54,0,0,0,61,66,67,79
6,9,19,12,24,0,38,42,46,48,53,47,37,41,63,69,70,72,73,68
1,5,7,17,13,36,22,26,32,39,44,45,49,58,56,62,65,71,78,80
4,10,16,20,21,23,27,28,29,33,40,50,52,55,57,59,60,75,76,77
