2019-12-26
0,0,0,0,0,0,0,0,0,0,0,0,0,0,0,0,0,0,0,0
0,0,0,0,0,0,0,0,0,0,0,0,0,0,0,0,0,0,0,0
0,0,0,0,0,0,0,0,0,0,0,0,0,0,0,0,0,0,0,0
0,0,0,0,0,0,0,0,0,0,0,0,0,0,0,0,0,0,0,0
0,0,0,0,0,0,0,0,0,0,0,0,0,0,0,0,0,0,0,0
0,0,0,0,0,0,0,0,0,0,0,0,0,0,0,0,0,0,0,0
0,0,0,0,0,0,0,0,0,0,0,0,0,0,0,0,0,0,0,0
0,0,0,0,0,0,0,0,0,0,0,0,0,0,0,0,0,0,0,0
0,0,0,0,0,0,0,0,0,0,0,0,0,29,0,0,0,0,0,0
0,0,0,0,0,0,0,0,0,47,0,0,0,28,0,0,0,0,0,0
32,60,0,0,0,0,0,0,0,10,0,0,0,76,0,0,0,0,0,53
61,20,22,0,5,19,11,0,41,14,0,0,0,9,25,0,71,0,30,56
66,51,50,8,23,42,79,45,80,17,37,73,15,59,44,0,12,24,75,69
27,1,21,6,33,16,3,34,48,26,57,58,43,77,4,63,13,72,18,64
62,68,31,36,55,52,46,67,7,35,40,2,39,74,70,54,49,65,38,78
0,0,0,0,0,0,0,0,0,0,0,0,0,0,0,0,0,0,0,0
0,0,0,0,0,0,0,0,0,0,0,0,0,0,0,0,0,0,0,0
0,0,0,0,0,0,0,0,0,0,0,0,0,0,0,0,0,0,0,0
0,0,0,0,0,0,0,0,0,0,0,0,0,0,0,0,0,0,0,0
0,0,0,0,0,0,0,0,0,0,0,0,0,0,0,0,0,0,0,0
0,0,0,0,0,0,0,0,0,0,0,0,0,0,0,0,0,0,0,0
0,0,0,0,0,0,0,0,0,0,0,0,0,0,0,0,0,0,0,0
0,0,0,0,0,0,0,0,0,0,0,0,0,0,0,0,0,0,0,0
0,0,0,0,0,0,0,0,0,0,0,0,0,0,0,0,0,0,0,0
0,0,0,0,0,0,0,15,0,0,0,0,0,0,0,0,0,0,0,0
0,0,5,11,0,10,0,25,0,24,0,0,41,0,0,0,71,0,76,0
0,0,9,22,8,19,29,20,0,47,0,53,37,0,61,0,56,60,73,80
14,0,17,12,23,34,30,43,32,28,50,42,44,0,59,0,66,63,75,79
1,3,4,6,13,16,18,21,26,27,33,51,48,45,57,58,64,69,72,77
2,7,31,35,36,38,39,40,46,49,52,54,55,62,65,67,68,70,74,78
0,0,0,0,0,0,0,0,0,0,0,0,0,0,0,0,0,0,0,0
0,0,0,0,0,0,0,0,0,0,0,0,0,0,0,0,0,0,0,0
0,0,0,0,0,0,0,0,0,0,0,0,0,0,0,0,0,0,0,0
0,0,0,0,0,0,0,0,0,0,0,0,0,0,0,0,0,0,0,0
0,0,0,0,0,0,0,0,0,0,0,0,0,0,0,0,0,0,0,0
0,0,0,0,0,0,0,0,0,0,0,0,0,0,0,0,0,0,0,0
0,0,0,0,0,0,0,0,0,0,0,0,0,0,0,0,0,0,0,0
0,0,0,0,0,0,0,0,0,0,0,0,0,0,0,0,0,0,0,0
0,0,0,0,0,0,0,0,0,0,0,0,0,0,0,0,0,0,0,0
0,60,0,0,0,0,0,0,0,47,0,0,0,0,0,0,0,0,0,0
32,20,0,0,0,0,11,0,0,10,0,0,0,0,25,0,0,0,30,0
66,51,22,8,0,19,79,0,0,14,0,73,15,0,44,0,71,0,75,56
27,1,21,6,23,16,3,45,41,17,0,58,43,76,4,63,13,24,18,69
62,68,31,36,33,52,46,67,80,26,40,2,39,74,70,54,49,65,38,64
57,35,53,29,59,78,72,55,28,77,9,7,42,34,37,61,5,12,50,48
0,0,0,0,0,0,0,0,0,0,0,0,0,0,0,0,0,0,0,0
0,0,0,0,0,0,0,0,0,0,0,0,0,0,0,0,0,0,0,0
0,0,0,0,0,0,0,0,0,0,0,0,0,0,0,0,0,0,0,0
0,0,0,0,0,0,0,0,0,0,0,0,0,0,0,0,0,0,0,0
0,0,0,0,0,0,0,0,0,0,0,0,0,0,0,0,0,0,0,0
0,0,0,0,0,0,0,0,0,0,0,0,0,0,0,0,0,0,0,0
0,0,0,0,0,0,0,0,0,0,0,0,0,0,0,0,0,0,0,0
0,0,0,0,0,0,0,0,0,0,0,0,0,0,0,0,0,0,0,0
0,0,0,0,0,0,0,15,0,0,0,0,0,0,0,0,0,0,0,0
0,0,0,0,0,0,0,25,0,0,0,0,0,0,0,0,71,0,0,0
0,0,0,0,8,10,0,20,0,24,0,0,0,0,0,0,56,60,76,0
14,0,17,11,23,19,30,43,32,47,0,0,0,0,0,0,66,63,73,0
1,0,4,22,13,16,18,21,26,27,33,51,41,45,0,58,64,69,75,80
2,3,31,6,36,38,39,40,46,49,52,54,44,62,65,67,68,70,74,79
5,7,9,12,28,29,34,35,37,42,48,50,53,55,57,59,61,72,77,78
