2020-02-06
0,0,0,0,0,0,0,0,0,0,0,0,0,0,0,0,0,0,0,0
0,0,0,0,0,0,0,0,0,0,0,0,0,0,0,0,0,0,0,0
0,0,0,0,0,0,0,0,0,0,0,0,0,0,0,0,0,0,0,0
0,0,0,0,0,0,0,0,0,0,0,0,0,0,0,0,0,0,0,0
0,0,0,0,0,0,0,0,0,0,0,0,0,0,0,0,0,0,0,0
0,0,0,0,0,0,0,0,0,0,0,0,0,0,0,0,0,0,0,0
0,0,0,0,0,0,0,0,0,0,0,0,0,0,0,0,0,0,0,0
0,0,0,0,0,0,0,0,0,0,0,0,0,0,0,0,0,0,0,0
0,0,0,0,0,0,0,0,0,0,0,0,0,0,0,0,0,0,0,0
0,0,0,0,0,0,0,77,0,0,0,41,0,0,60,0,0,0,0,0
0,0,27,0,0,0,0,15,50,0,0,32,0,18,44,0,0,0,0,75
69,64,14,51,0,0,11,78,54,55,0,24,30,4,79,2,0,0,0,62
58,63,80,34,35,42,13,26,37,22,29,72,17,66,9,68,0,0,0,5
23,71,31,43,12,47,10,57,70,38,61,49,8,20,33,76,21,0,67,6
16,73,39,53,3,52,56,1,59,45,74,19,65,40,25,36,48,7,46,28
0,0,0,0,0,0,0,0,0,0,0,0,0,0,0,0,0,0,0,0
0,0,0,0,0,0,0,0,0,0,0,0,0,0,0,0,0,0,0,0
0,0,0,0,0,0,0,0,0,0,0,0,0,0,0,0,0,0,0,0
0,0,0,0,0,0,0,0,0,0,0,0,0,0,0,0,0,0,0,0
0,0,0,0,0,0,0,0,0,0,0,0,0,0,0,0,0,0,0,0
0,0,0,0,0,0,0,0,0,0,0,0,0,0,0,0,0,0,0,0
0,0,0,0,0,0,0,0,0,0,0,0,0,0,0,0,0,0,0,0
0,0,0,0,0,0,0,0,0,0,0,0,0,0,0,0,0,0,0,0
0,0,0,0,0,0,0,0,0,0,0,0,0,0,0,0,0,0,0,0
0,0,0,0,0,0,0,0,0,0,0,0,0,0,0,62,60,0,0,0
0,0,0,0,15,18,0,30,0,44,0,0,0,0,0,55,64,0,75,77
2,0,0,13,10,27,0,32,20,22,41,0,0,54,0,51,63,66,70,79
4,0,6,9,17,14,29,24,34,35,42,0,0,58,0,67,72,69,76,78
5,11,8,12,21,23,26,31,33,38,37,43,50,47,49,57,61,68,71,80
1,3,7,16,19,25,28,36,39,40,45,46,48,52,53,56,59,65,73,74
0,0,0,0,0,0,0,0,0,0,0,0,0,0,0,0,0,0,0,0
0,0,0,0,0,0,0,0,0,0,0,0,0,0,0,0,0,0,0,0
0,0,0,0,0,0,0,0,0,0,0,0,0,0,0,0,0,0,0,0
0,0,0,0,0,0,0,0,0,0,0,0,0,0,0,0,0,0,0,0
0,0,0,0,0,0,0,0,0,0,0,0,0,0,0,0,0,0,0,0
0,0,0,0,0,0,0,0,0,0,0,0,0,0,0,0,0,0,0,0
0,0,0,0,0,0,0,0,0,0,0,0,0,0,0,0,0,0,0,0
0,0,0,0,0,0,0,0,0,0,0,0,0,0,0,0,0,0,0,0
0,0,0,0,0,0,0,0,0,0,0,0,0,0,60,0,0,0,0,0
0,0,27,0,0,0,0,0,0,0,0,0,0,0,44,0,0,0,0,75
0,64,14,0,0,0,0,77,50,0,0,0,0,0,79,2,0,0,0,62
0,63,80,51,0,0,0,78,54,55,0,32,17,18,9,68,0,0,0,5
23,71,31,43,35,0,13,26,37,22,0,24,8,4,33,76,21,0,67,6
16,73,39,53,12,42,10,57,70,45,74,72,65,20,25,36,48,7,46,28
19,15,11,56,47,49,58,34,38,61,41,29,1,66,52,40,3,59,30,69
0,0,0,0,0,0,0,0,0,0,0,0,0,0,0,0,0,0,0,0
0,0,0,0,0,0,0,0,0,0,0,0,0,0,0,0,0,0,0,0
0,0,0,0,0,0,0,0,0,0,0,0,0,0,0,0,0,0,0,0
0,0,0,0,0,0,0,0,0,0,0,0,0,0,0,0,0,0,0,0
0,0,0,0,0,0,0,0,0,0,0,0,0,0,0,0,0,0,0,0
0,0,0,0,0,0,0,0,0,0,0,0,0,0,0,0,0,0,0,0
0,0,0,0,0,0,0,0,0,0,0,0,0,0,0,0,0,0,0,0
0,0,0,0,0,0,0,0,0,0,0,0,0,0,0,0,0,0,0,0
0,0,0,0,0,0,0,0,0,0,0,0,0,0,0,0,0,0,0,0
0,0,0,0,0,18,0,0,0,0,0,0,0,0,0,62,0,0,75,77
0,0,0,13,0,27,0,32,0,0,0,0,0,0,0,55,60,0,70,79
2,0,6,9,10,14,0,24,20,44,42,0,0,0,0,51,64,0,76,78
4,0,8,12,17,23,26,31,33,22,37,43,50,0,0,67,63,68,71,80
5,0,7,16,21,25,28,36,39,35,45,46,48,54,53,57,72,65,73,74
1,3,11,15,19,29,30,34,38,40,41,47,49,52,56,58,59,61,66,69
