2003-03-04
0,0,0,0,0,0,0,0,0,0,0,0,0,0,0,0,0,0,0,0
0,0,0,0,0,0,0,0,0,0,0,0,0,0,0,0,0,0,0,0
0,0,0,0,0,0,0,0,0,0,0,0,0,0,0,0,0,0,0,0
0,0,0,0,0,0,0,0,0,0,0,0,0,0,0,0,0,0,0,0
0,0,0,0,0,0,0,0,0,0,0,0,0,0,0,0,0,0,0,0
0,0,0,0,0,0,0,0,0,0,0,0,0,0,0,0,0,0,0,0
0,0,0,0,0,0,0,0,0,0,0,0,0,0,0,0,0,0,0,0
0,0,0,0,0,0,0,0,0,0,0,0,0,0,0,0,0,0,0,0
0,20,0,0,0,0,0,0,0,0,0,0,0,0,0,0,0,0,0,0
0,12,0,0,49,0,0,0,0,0,0,0,0,0,0,2,0,0,0,0
0,45,0,0,48,30,67,0,0,0,0,73,10,0,0,47,0,0,0,57
0,74,0,61,76,8,35,38,0,70,6,71,17,1,0,60,31,0,0,41
13,44,0,18,50,66,69,25,0,16,42,36,37,32,34,59,77,0,0,54
5,40,55,28,9,23,29,21,64,15,43,39,56,3,53,52,72,0,0,11
51,26,62,68,80,58,4,22,78,24,7,27,19,79,46,65,14,63,75,33
0,0,0,0,0,0,0,0,0,0,0,0,0,0,0,0,0,0,0,0
0,0,0,0,0,0,0,0,0,0,0,0,0,0,0,0,0,0,0,0
0,0,0,0,0,0,0,0,0,0,0,0,0,0,0,0,0,0,0,0
0,0,0,0,0,0,0,0,0,0,0,0,0,0,0,0,0,0,0,0
0,0,0,0,0,0,0,0,0,0,0,0,0,0,0,0,0,0,0,0
0,0,0,0,0,0,0,0,0,0,0,0,0,0,0,0,0,0,0,0
0,0,0,0,0,0,0,0,0,0,0,0,0,0,0,0,0,0,0,0
0,0,0,0,0,0,0,0,0,0,0,0,0,0,0,0,0,0,0,0
0,0,0,0,0,0,0,0,0,0,0,0,0,0,0,0,0,0,0,0
2,0,0,0,0,0,34,0,0,0,0,0,0,38,0,0,0,0,0,0
1,0,0,6,0,0,12,0,0,0,0,49,0,57,67,0,0,73,0,0
10,0,25,17,0,21,30,20,35,0,0,47,0,45,69,61,0,71,70,0
8,0,13,18,0,32,37,31,39,36,42,41,48,50,54,59,60,64,77,0
3,5,16,9,11,15,23,28,29,40,43,44,52,53,55,56,74,72,66,76
4,7,14,19,22,24,26,27,33,46,51,58,62,63,65,68,75,78,79,80
0,0,0,0,0,0,0,0,0,0,0,0,0,0,0,0,0,0,0,0
0,0,0,0,0,0,0,0,0,0,0,0,0,0,0,0,0,0,0,0
0,0,0,0,0,0,0,0,0,0,0,0,0,0,0,0,0,0,0,0
0,0,0,0,0,0,0,0,0,0,0,0,0,0,0,0,0,0,0,0
0,0,0,0,0,0,0,0,0,0,0,0,0,0,0,0,0,0,0,0
0,0,0,0,0,0,0,0,0,0,0,0,0,0,0,0,0,0,0,0
0,0,0,0,0,0,0,0,0,0,0,0,0,0,0,0,0,0,0,0
0,0,0,0,0,0,0,0,0,0,0,0,0,0,0,0,0,0,0,0
0,20,0,0,49,0,0,0,0,0,0,0,0,0,0,0,0,0,0,0
0,45,0,0,48,0,0,0,0,0,0,0,0,0,0,47,0,0,0,0
0,74,0,0,76,0,67,0,0,0,6,71,0,0,0,60,0,0,0,0
0,44,0,0,50,30,35,38,0,70,42,36,0,1,34,59,31,0,0,54
13,40,55,18,9,66,29,21,0,16,43,39,10,32,53,52,72,0,0,11
5,26,62,68,80,23,4,22,64,24,7,27,56,79,46,65,14,0,75,33
37,63,15,3,69,19,2,12,77,73,25,51,8,57,28,17,78,41,58,61
0,0,0,0,0,0,0,0,0,0,0,0,0,0,0,0,0,0,0,0
0,0,0,0,0,0,0,0,0,0,0,0,0,0,0,0,0,0,0,0
0,0,0,0,0,0,0,0,0,0,0,0,0,0,0,0,0,0,0,0
0,0,0,0,0,0,0,0,0,0,0,0,0,0,0,0,0,0,0,0
0,0,0,0,0,0,0,0,0,0,0,0,0,0,0,0,0,0,0,0
0,0,0,0,0,0,0,0,0,0,0,0,0,0,0,0,0,0,0,0
0,0,0,0,0,0,0,0,0,0,0,0,0,0,0,0,0,0,0,0
0,0,0,0,0,0,0,0,0,0,0,0,0,0,0,0,0,0,0,0
0,0,0,0,0,0,0,0,0,0,0,0,0,0,0,0,0,0,0,0
0,0,0,0,0,0,0,0,0,0,0,0,0,0,0,0,0,0,0,0
0,0,0,0,0,0,34,0,35,0,0,0,0,38,67,0,0,0,0,0
1,0,13,6,0,21,30,20,39,36,0,49,48,45,54,59,60,71,70,0
10,5,16,18,11,32,23,31,29,40,42,47,52,50,55,56,74,64,66,76
4,7,14,9,22,24,26,27,33,46,43,44,62,53,65,68,75,72,79,80
2,3,8,12,15,17,19,25,28,37,41,51,57,58,61,63,69,73,77,78
