2020-05-29
0,0,0,0,0,0,0,0,0,0,0,0,0,0,0,0,0,0,0,0
0,0,0,0,0,0,0,0,0,0,0,0,0,0,0,0,0,0,0,0
0,0,0,0,0,0,0,0,0,0,0,0,0,0,0,0,0,0,0,0
0,0,0,0,0,0,0,0,0,0,0,0,0,0,0,0,0,0,0,0
0,0,0,0,0,0,0,0,0,0,0,0,0,0,0,0,0,0,0,0
0,0,0,0,0,0,0,0,0,0,0,0,0,0,0,0,0,0,0,0
0,0,0,0,0,0,0,0,0,0,0,0,0,0,0,0,0,0,0,0
0,0,0,0,0,0,0,0,0,0,0,0,0,0,0,0,0,0,0,0
0,0,0,0,0,0,0,0,8,0,0,0,0,0,0,0,0,0,0,0
0,0,0,0,0,0,0,0,25,0,0,0,0,10,0,0,0,0,0,0
0,52,66,0,0,74,26,0,29,0,0,0,38,3,0,34,0,0,0,0
48,39,63,0,0,23,65,0,68,77,0,0,28,37,61,44,79,0,0,0
51,4,33,0,35,24,11,32,20,67,0,46,50,53,36,70,31,43,0,56
1,41,57,17,59,54,76,40,12,55,13,45,73,6,75,22,7,21,5,71
58,42,18,47,9,62,2,19,69,14,30,78,80,64,16,72,27,60,49,15
0,0,0,0,0,0,0,0,0,0,0,0,0,0,0,0,0,0,0,0
0,0,0,0,0,0,0,0,0,0,0,0,0,0,0,0,0,0,0,0
0,0,0,0,0,0,0,0,0,0,0,0,0,0,0,0,0,0,0,0
0,0,0,0,0,0,0,0,0,0,0,0,0,0,0,0,0,0,0,0
0,0,0,0,0,0,0,0,0,0,0,0,0,0,0,0,0,0,0,0
0,0,0,0,0,0,0,0,0,0,0,0,0,0,0,0,0,0,0,0
0,0,0,0,0,0,0,0,0,0,0,0,0,0,0,0,0,0,0,0
0,0,0,0,0,0,0,0,0,0,0,0,0,0,0,0,0,0,0,0
0,0,0,0,0,0,0,0,0,0,0,0,0,0,0,0,0,0,0,0
0,0,0,0,0,0,44,0,0,0,0,0,56,0,0,0,0,0,0,0
0,0,8,0,0,0,35,26,0,34,43,0,46,0,66,0,0,0,0,0
0,10,24,0,33,0,39,23,0,29,38,32,59,0,52,61,0,0,79,0
3,5,4,25,11,37,20,21,0,48,36,50,51,53,68,63,65,67,77,74
1,6,7,28,12,13,17,22,31,40,41,45,54,55,57,70,71,73,75,76
2,9,14,15,16,18,19,27,30,42,47,49,58,60,62,64,69,72,78,80
0,0,0,0,0,0,0,0,0,0,0,0,0,0,0,0,0,0,0,0
0,0,0,0,0,0,0,0,0,0,0,0,0,0,0,0,0,0,0,0
0,0,0,0,0,0,0,0,0,0,0,0,0,0,0,0,0,0,0,0
0,0,0,0,0,0,0,0,0,0,0,0,0,0,0,0,0,0,0,0
0,0,0,0,0,0,0,0,0,0,0,0,0,0,0,0,0,0,0,0
0,0,0,0,0,0,0,0,0,0,0,0,0,0,0,0,0,0,0,0
0,0,0,0,0,0,0,0,0,0,0,0,0,0,0,0,0,0,0,0
0,0,0,0,0,0,0,0,0,0,0,0,0,0,0,0,0,0,0,0
0,0,0,0,0,0,0,0,0,0,0,0,0,0,0,0,0,0,0,0
0,0,0,0,0,0,0,0,0,0,0,0,38,0,0,0,0,0,0,0
0,52,0,0,0,74,65,0,29,0,0,0,28,3,0,0,0,0,0,0
0,39,33,0,0,23,11,32,68,77,0,46,50,37,61,44,79,43,0,56
48,4,57,0,35,24,76,40,12,67,0,45,73,6,36,70,7,21,5,71
51,41,18,47,59,62,2,19,69,55,13,78,80,64,16,22,27,60,49,15
42,58,8,75,10,17,25,63,26,72,9,53,1,31,66,20,34,30,54,14
0,0,0,0,0,0,0,0,0,0,0,0,0,0,0,0,0,0,0,0
0,0,0,0,0,0,0,0,0,0,0,0,0,0,0,0,0,0,0,0
0,0,0,0,0,0,0,0,0,0,0,0,0,0,0,0,0,0,0,0
0,0,0,0,0,0,0,0,0,0,0,0,0,0,0,0,0,0,0,0
0,0,0,0,0,0,0,0,0,0,0,0,0,0,0,0,0,0,0,0
0,0,0,0,0,0,0,0,0,0,0,0,0,0,0,0,0,0,0,0
0,0,0,0,0,0,0,0,0,0,0,0,0,0,0,0,0,0,0,0
0,0,0,0,0,0,0,0,0,0,0,0,0,0,0,0,0,0,0,0
0,0,0,0,0,0,0,0,0,0,0,0,0,0,0,0,0,0,0,0
0,0,0,0,0,0,0,0,0,0,43,0,0,0,0,0,0,0,0,0
0,0,0,0,33,0,44,23,0,0,38,32,56,0,52,0,0,0,0,0
0,0,24,0,11,37,35,21,0,29,36,50,46,0,68,61,65,0,79,74
3,5,4,28,12,13,39,22,0,48,41,45,59,55,57,70,71,67,77,76
2,6,7,15,16,18,19,27,0,40,47,49,51,60,62,64,69,73,78,80
1,8,9,10,14,17,20,25,26,30,31,34,42,53,54,58,63,66,72,75
