2020-05-30
0,0,0,0,0,0,0,0,0,0,0,0,0,0,0,0,0,0,0,0
0,0,0,0,0,0,0,0,0,0,0,0,0,0,0,0,0,0,0,0
0,0,0,0,0,0,0,0,0,0,0,0,0,0,0,0,0,0,0,0
0,0,0,0,0,0,0,0,0,0,0,0,0,0,0,0,0,0,0,0
0,0,0,0,0,0,0,0,0,0,0,0,0,0,0,0,0,0,0,0
0,0,0,0,0,0,0,0,0,0,0,0,0,0,0,0,0,0,0,0
0,0,0,0,0,0,0,0,0,0,0,0,0,0,0,0,0,0,0,0
0,0,0,0,0,0,0,0,0,0,0,0,0,0,0,0,0,0,0,0
0,0,0,0,0,0,0,0,0,0,0,0,0,0,0,0,0,0,0,0
0,0,0,0,0,0,0,0,0,0,0,0,38,0,0,0,0,0,0,0
0,52,0,0,0,74,65,0,29,0,0,0,28,3,0,0,0,0,0,0
0,39,33,0,0,23,11,32,68,77,0,46,50,37,61,44,79,43,0,56
48,4,57,0,35,24,76,40,12,67,0,45,73,6,36,70,7,21,5,71
51,41,18,47,59,62,2,19,69,55,13,78,80,64,16,22,27,60,49,15
42,58,8,75,10,17,25,63,26,72,9,53,1,31,66,20,34,30,54,14
0,0,0,0,0,0,0,0,0,0,0,0,0,0,0,0,0,0,0,0
0,0,0,0,0,0,0,0,0,0,0,0,0,0,0,0,0,0,0,0
0,0,0,0,0,0,0,0,0,0,0,0,0,0,0,0,0,0,0,0
0,0,0,0,0,0,0,0,0,0,0,0,0,0,0,0,0,0,0,0
0,0,0,0,0,0,0,0,0,0,0,0,0,0,0,0,0,0,0,0
0,0,0,0,0,0,0,0,0,0,0,0,0,0,0,0,0,0,0,0
0,0,0,0,0,0,0,0,0,0,0,0,0,0,0,0,0,0,0,0
0,0,0,0,0,0,0,0,0,0,0,0,0,0,0,0,0,0,0,0
0,0,0,0,0,0,0,0,0,0,0,0,0,0,0,0,0,0,0,0
0,0,0,0,0,0,0,0,0,0,43,0,0,0,0,0,0,0,0,0
0,0,0,0,33,0,44,23,0,0,38,32,56,0,52,0,0,0,0,0
0,0,24,0,11,37,35,21,0,29,36,50,46,0,68,61,65,0,79,74
3,5,4,28,12,13,39,22,0,48,41,45,59,55,57,70,71,67,77,76
2,6,7,15,16,18,19,27,0,40,47,49,51,60,62,64,69,73,78,80
1,8,9,10,14,17,20,25,26,30,31,34,42,53,54,58,63,66,72,75
0,0,0,0,0,0,0,0,0,0,0,0,0,0,0,0,0,0,0,0
0,0,0,0,0,0,0,0,0,0,0,0,0,0,0,0,0,0,0,0
0,0,0,0,0,0,0,0,0,0,0,0,0,0,0,0,0,0,0,0
0,0,0,0,0,0,0,0,0,0,0,0,0,0,0,0,0,0,0,0
0,0,0,0,0,0,0,0,0,0,0,0,0,0,0,0,0,0,0,0
0,0,0,0,0,0,0,0,0,0,0,0,0,0,0,0,0,0,0,0
0,0,0,0,0,0,0,0,0,0,0,0,0,0,0,0,0,0,0,0
0,0,0,0,0,0,0,0,0,0,0,0,0,0,0,0,0,0,0,0
0,0,0,0,0,0,0,0,0,0,0,0,0,0,0,0,0,0,0,0
0,0,0,0,0,0,65,0,0,0,0,0,0,0,0,0,0,0,0,0
0,52,0,0,0,74,11,0,0,0,0,0,28,3,0,0,0,0,0,0
48,39,0,0,0,23,76,40,29,77,0,46,50,37,36,70,7,43,0,56
51,41,57,47,35,62,2,19,69,67,0,45,73,6,16,22,27,21,5,15
42,58,18,75,59,17,25,63,26,55,9,53,80,64,66,20,34,30,49,14
61,4,78,12,8,72,33,32,60,13,38,79,31,68,54,24,44,10,71,1
0,0,0,0,0,0,0,0,0,0,0,0,0,0,0,0,0,0,0,0
0,0,0,0,0,0,0,0,0,0,0,0,0,0,0,0,0,0,0,0
0,0,0,0,0,0,0,0,0,0,0,0,0,0,0,0,0,0,0,0
0,0,0,0,0,0,0,0,0,0,0,0,0,0,0,0,0,0,0,0
0,0,0,0,0,0,0,0,0,0,0,0,0,0,0,0,0,0,0,0
0,0,0,0,0,0,0,0,0,0,0,0,0,0,0,0,0,0,0,0
0,0,0,0,0,0,0,0,0,0,0,0,0,0,0,0,0,0,0,0
0,0,0,0,0,0,0,0,0,0,0,0,0,0,0,0,0,0,0,0
0,0,0,0,0,0,0,0,0,0,0,0,0,0,0,0,0,0,0,0
0,0,0,0,0,0,0,23,0,0,0,0,56,0,0,0,0,0,0,0
0,0,0,0,0,0,35,21,0,29,43,50,46,0,0,0,0,0,0,74
0,0,0,0,11,37,39,22,0,48,36,45,59,0,52,70,65,67,0,76
3,5,7,28,16,18,19,27,0,40,41,49,51,55,57,64,69,73,0,80
2,6,9,15,14,17,20,25,26,30,47,34,42,53,62,58,63,66,77,75
1,4,8,10,12,13,24,31,32,33,38,44,54,60,61,68,71,72,78,79
