2003-04-16
0,0,0,0,0,0,0,0,0,0,0,0,0,0,0,0,0,0,0,0
0,0,0,0,0,0,0,0,0,0,0,0,0,0,0,0,0,0,0,0
0,0,0,0,0,0,0,0,0,0,0,0,0,0,0,0,0,0,0,0
0,0,0,0,0,0,0,0,0,0,0,0,0,0,0,0,0,0,0,0
0,0,0,0,0,0,0,0,0,0,0,0,0,0,0,0,0,0,0,0
0,0,0,0,0,0,0,0,0,0,0,0,0,0,0,0,0,0,0,0
0,0,0,0,0,0,0,0,0,0,0,0,0,0,0,0,0,0,0,0
0,0,0,0,0,0,0,0,0,0,0,0,0,0,0,0,0,0,0,0
0,0,0,0,0,0,0,0,0,0,0,0,0,0,0,3,0,0,0,0
0,0,0,0,0,0,0,0,0,0,0,0,0,0,0,22,0,0,0,0
0,2,0,52,0,0,42,0,41,0,0,0,0,6,0,44,0,0,0,0
0,79,0,58,0,0,17,5,68,73,60,11,45,50,0,8,0,74,57,0
4,33,54,34,80,0,71,15,9,21,59,35,27,10,67,23,62,1,77,40
43,75,47,53,29,76,61,55,65,49,63,25,13,39,46,26,7,36,16,48
66,20,38,69,56,32,30,37,12,28,70,14,31,64,19,72,18,24,78,51
0,0,0,0,0,0,0,0,0,0,0,0,0,0,0,0,0,0,0,0
0,0,0,0,0,0,0,0,0,0,0,0,0,0,0,0,0,0,0,0
0,0,0,0,0,0,0,0,0,0,0,0,0,0,0,0,0,0,0,0
0,0,0,0,0,0,0,0,0,0,0,0,0,0,0,0,0,0,0,0
0,0,0,0,0,0,0,0,0,0,0,0,0,0,0,0,0,0,0,0
0,0,0,0,0,0,0,0,0,0,0,0,0,0,0,0,0,0,0,0
0,0,0,0,0,0,0,0,0,0,0,0,0,0,0,0,0,0,0,0
0,0,0,0,0,0,0,0,0,0,0,0,0,0,0,0,0,0,0,0
0,0,0,0,0,0,0,0,0,0,0,0,0,0,0,0,0,0,0,0
0,11,0,0,0,42,0,0,0,0,0,0,0,0,0,0,0,0,0,0
3,2,22,0,0,21,0,0,0,0,0,0,52,0,0,0,0,73,58,0
5,15,4,6,0,17,0,27,34,57,44,0,50,45,62,60,0,74,68,0
1,9,10,13,0,8,0,33,36,35,41,0,54,40,59,67,0,71,77,79
7,16,25,26,29,23,39,43,46,47,49,48,53,55,61,63,65,75,76,80
12,14,18,19,20,24,28,30,31,32,37,38,51,56,64,66,69,70,72,78
0,0,0,0,0,0,0,0,0,0,0,0,0,0,0,0,0,0,0,0
0,0,0,0,0,0,0,0,0,0,0,0,0,0,0,0,0,0,0,0
0,0,0,0,0,0,0,0,0,0,0,0,0,0,0,0,0,0,0,0
0,0,0,0,0,0,0,0,0,0,0,0,0,0,0,0,0,0,0,0
0,0,0,0,0,0,0,0,0,0,0,0,0,0,0,0,0,0,0,0
0,0,0,0,0,0,0,0,0,0,0,0,0,0,0,0,0,0,0,0
0,0,0,0,0,0,0,0,0,0,0,0,0,0,0,0,0,0,0,0
0,0,0,0,0,0,0,0,0,0,0,0,0,0,0,3,0,0,0,0
0,0,0,0,0,0,0,0,0,0,0,0,0,0,0,22,0,0,0,0
0,0,0,52,0,0,0,0,0,0,0,0,0,0,0,44,0,0,0,0
0,0,0,58,0,0,0,5,0,73,60,0,0,0,0,8,0,0,57,0
0,0,0,34,0,0,17,15,68,21,59,11,27,6,0,23,0,74,77,0
43,2,54,53,80,0,71,55,65,49,63,25,13,10,0,26,62,36,16,48
66,20,47,69,29,32,61,37,12,28,70,14,31,64,46,72,18,24,78,51
35,56,40,7,38,75,1,4,67,76,33,41,45,19,39,79,9,30,42,50
0,0,0,0,0,0,0,0,0,0,0,0,0,0,0,0,0,0,0,0
0,0,0,0,0,0,0,0,0,0,0,0,0,0,0,0,0,0,0,0
0,0,0,0,0,0,0,0,0,0,0,0,0,0,0,0,0,0,0,0
0,0,0,0,0,0,0,0,0,0,0,0,0,0,0,0,0,0,0,0
0,0,0,0,0,0,0,0,0,0,0,0,0,0,0,0,0,0,0,0
0,0,0,0,0,0,0,0,0,0,0,0,0,0,0,0,0,0,0,0
0,0,0,0,0,0,0,0,0,0,0,0,0,0,0,0,0,0,0,0
0,0,0,0,0,0,0,0,0,0,0,0,0,0,0,0,0,0,0,0
0,0,0,0,0,0,0,0,0,0,0,0,0,0,0,0,0,0,0,0
0,11,0,0,0,21,0,0,0,0,0,0,0,0,0,0,0,0,0,0
0,2,22,0,0,17,0,0,34,0,0,0,52,0,62,0,0,73,58,0
3,15,10,6,0,8,0,0,36,57,44,0,54,0,59,60,0,74,68,0
5,16,25,13,29,23,0,27,46,47,49,0,53,0,61,63,65,71,77,80
12,14,18,26,20,24,28,43,31,32,37,48,51,55,64,66,69,70,72,78
1,4,7,9,19,30,33,35,38,39,40,41,42,45,50,56,67,75,76,79
