2001-06-27
0,0,0,0,0,0,0,0,0,0,0,0,0,0,0,0,0,0,0,0
0,0,0,0,0,0,0,0,0,0,0,0,0,0,0,0,0,0,0,0
0,0,0,0,0,0,0,0,0,0,0,0,0,0,0,0,0,0,0,0
0,0,0,0,0,0,0,0,0,0,0,0,0,0,0,0,0,0,0,0
0,0,0,0,0,0,0,0,0,0,0,0,0,0,0,0,0,0,0,0
0,0,0,0,0,0,0,0,0,0,0,0,0,0,0,0,0,0,0,0
0,0,0,0,0,0,0,0,0,0,0,0,0,0,0,0,0,0,0,0
0,0,0,0,0,0,0,0,0,0,0,0,0,0,0,0,0,0,0,0
0,0,0,0,0,0,0,44,0,0,0,0,0,0,35,0,0,0,0,0
0,0,0,0,0,0,0,80,0,0,38,0,0,0,79,0,0,0,0,0
0,0,0,0,0,0,0,13,0,0,1,0,0,0,47,21,0,0,0,0
25,0,0,32,52,0,73,64,4,36,16,50,0,70,41,23,0,48,0,10
61,15,0,71,72,40,12,62,67,11,14,30,0,31,27,5,0,65,42,3
26,37,49,55,17,59,9,22,60,66,54,53,33,34,51,77,57,45,6,58
78,18,68,20,75,43,29,46,69,74,63,2,19,39,8,76,28,7,56,24
0,0,0,0,0,0,0,0,0,0,0,0,0,0,0,0,0,0,0,0
0,0,0,0,0,0,0,0,0,0,0,0,0,0,0,0,0,0,0,0
0,0,0,0,0,0,0,0,0,0,0,0,0,0,0,0,0,0,0,0
0,0,0,0,0,0,0,0,0,0,0,0,0,0,0,0,0,0,0,0
0,0,0,0,0,0,0,0,0,0,0,0,0,0,0,0,0,0,0,0
0,0,0,0,0,0,0,0,0,0,0,0,0,0,0,0,0,0,0,0
0,0,0,0,0,0,0,0,0,0,0,0,0,0,0,0,0,0,0,0
0,0,0,0,0,0,0,0,0,0,0,0,0,0,0,0,0,0,0,0
0,0,0,0,0,0,0,0,0,0,44,0,0,0,0,0,0,0,0,0
0,0,0,0,0,0,0,0,0,0,50,0,0,0,0,0,0,0,0,0
0,0,0,23,0,21,32,0,0,0,47,0,0,0,0,0,0,0,0,80
1,0,15,4,0,37,38,0,41,35,49,52,48,0,0,70,0,73,79,72
5,10,11,14,16,13,25,0,27,30,36,40,42,61,62,65,64,71,67,77
3,6,12,9,17,22,26,31,33,34,45,57,51,53,54,55,58,59,60,66
2,7,8,18,19,20,24,28,29,39,43,46,56,63,68,69,74,75,76,78
0,0,0,0,0,0,0,0,0,0,0,0,0,0,0,0,0,0,0,0
0,0,0,0,0,0,0,0,0,0,0,0,0,0,0,0,0,0,0,0
0,0,0,0,0,0,0,0,0,0,0,0,0,0,0,0,0,0,0,0
0,0,0,0,0,0,0,0,0,0,0,0,0,0,0,0,0,0,0,0
0,0,0,0,0,0,0,0,0,0,0,0,0,0,0,0,0,0,0,0
0,0,0,0,0,0,0,0,0,0,0,0,0,0,0,0,0,0,0,0
0,0,0,0,0,0,0,0,0,0,0,0,0,0,0,0,0,0,0,0
0,0,0,0,0,0,0,0,0,0,0,0,0,0,0,0,0,0,0,0
0,0,0,0,0,0,0,0,0,0,0,0,0,0,35,0,0,0,0,0
0,0,0,0,0,0,0,80,0,0,0,0,0,0,79,0,0,0,0,0
25,0,0,32,0,0,0,64,0,36,38,0,0,0,47,0,0,0,0,10
61,0,0,71,72,0,73,62,67,11,1,30,0,0,41,23,0,0,0,3
26,15,49,55,17,40,12,22,60,66,16,53,0,31,27,77,57,0,42,58
78,37,68,20,75,59,9,46,69,74,14,2,19,39,8,76,28,48,6,24
43,33,5,44,45,7,29,54,13,65,70,63,21,34,51,56,18,4,52,50
0,0,0,0,0,0,0,0,0,0,0,0,0,0,0,0,0,0,0,0
0,0,0,0,0,0,0,0,0,0,0,0,0,0,0,0,0,0,0,0
0,0,0,0,0,0,0,0,0,0,0,0,0,0,0,0,0,0,0,0
0,0,0,0,0,0,0,0,0,0,0,0,0,0,0,0,0,0,0,0
0,0,0,0,0,0,0,0,0,0,0,0,0,0,0,0,0,0,0,0
0,0,0,0,0,0,0,0,0,0,0,0,0,0,0,0,0,0,0,0
0,0,0,0,0,0,0,0,0,0,0,0,0,0,0,0,0,0,0,0
0,0,0,0,0,0,0,0,0,0,0,0,0,0,0,0,0,0,0,0
0,0,0,0,0,0,0,0,0,0,0,0,0,0,0,0,0,0,0,0
0,0,0,0,0,0,32,0,0,0,0,0,0,0,0,0,0,0,0,80
0,0,15,0,0,0,38,0,0,0,0,0,0,0,0,0,0,73,79,72
1,0,11,23,16,37,25,0,0,35,47,40,0,0,0,0,64,71,67,77
3,10,12,14,17,22,26,31,41,30,49,57,48,61,62,55,58,59,60,66
2,6,8,9,19,20,24,28,27,39,36,46,42,53,68,69,74,75,76,78
4,5,7,13,18,21,29,33,34,43,44,45,50,51,52,54,56,63,65,70
