2003-06-12
0,0,0,0,0,0,0,0,0,0,0,0,0,0,0,0,0,0,0,0
0,0,0,0,0,0,0,0,0,0,0,0,0,0,0,0,0,0,0,0
0,0,0,0,0,0,0,0,0,0,0,0,0,0,0,0,0,0,0,0
0,0,0,0,0,0,0,0,0,0,0,0,0,0,0,0,0,0,0,0
0,0,0,0,0,0,0,0,0,0,0,0,0,0,0,0,0,0,0,0
0,0,0,0,0,0,0,0,0,0,0,0,0,0,0,0,0,0,0,0
0,0,0,0,0,0,0,0,0,0,0,0,0,0,0,0,0,0,0,0
0,0,0,0,0,0,0,0,0,0,0,0,0,0,0,0,0,0,0,0
0,0,0,0,0,0,0,0,0,0,0,0,0,0,0,0,0,0,0,0
0,22,0,0,0,0,0,0,0,0,0,0,0,0,0,0,78,0,0,0
39,35,20,0,0,0,27,0,0,0,0,70,0,1,66,0,46,0,0,24
79,48,64,0,0,0,60,0,31,0,45,42,18,80,28,0,72,0,2,36
54,49,41,0,0,67,26,23,5,51,21,7,9,44,61,52,32,0,56,6
74,29,63,12,0,40,77,62,69,55,11,25,50,19,58,57,53,3,43,65
59,73,76,4,14,33,13,75,38,30,17,68,34,10,71,47,8,16,15,37
0,0,0,0,0,0,0,0,0,0,0,0,0,0,0,0,0,0,0,0
0,0,0,0,0,0,0,0,0,0,0,0,0,0,0,0,0,0,0,0
0,0,0,0,0,0,0,0,0,0,0,0,0,0,0,0,0,0,0,0
0,0,0,0,0,0,0,0,0,0,0,0,0,0,0,0,0,0,0,0
0,0,0,0,0,0,0,0,0,0,0,0,0,0,0,0,0,0,0,0
0,0,0,0,0,0,0,0,0,0,0,0,0,0,0,0,0,0,0,0
0,0,0,0,0,0,0,0,0,0,0,0,0,0,0,0,0,0,0,0
0,0,0,0,0,0,0,22,0,0,0,0,0,0,0,0,0,0,0,0
0,0,0,0,0,0,0,35,0,0,0,0,0,0,0,0,0,0,0,0
0,0,0,0,0,0,0,27,23,0,0,0,0,0,0,0,0,0,0,0
2,0,0,0,0,0,0,46,48,45,0,0,52,42,0,0,0,0,0,0
1,0,12,0,0,20,21,36,44,31,64,0,39,60,0,0,67,70,0,78
6,5,9,0,18,26,24,32,40,41,54,0,49,51,56,66,72,61,0,80
3,7,11,19,25,29,28,43,50,53,55,58,62,63,65,57,69,74,79,77
4,8,10,13,14,15,16,17,30,33,34,37,38,47,59,68,71,73,75,76
0,0,0,0,0,0,0,0,0,0,0,0,0,0,0,0,0,0,0,0
0,0,0,0,0,0,0,0,0,0,0,0,0,0,0,0,0,0,0,0
0,0,0,0,0,0,0,0,0,0,0,0,0,0,0,0,0,0,0,0
0,0,0,0,0,0,0,0,0,0,0,0,0,0,0,0,0,0,0,0
0,0,0,0,0,0,0,0,0,0,0,0,0,0,0,0,0,0,0,0
0,0,0,0,0,0,0,0,0,0,0,0,0,0,0,0,0,0,0,0
0,0,0,0,0,0,0,0,0,0,0,0,0,0,0,0,0,0,0,0
0,0,0,0,0,0,0,0,0,0,0,0,0,0,0,0,0,0,0,0
0,0,0,0,0,0,0,0,0,0,0,0,0,0,0,0,0,0,0,0
0,35,0,0,0,0,0,0,0,0,0,0,0,1,0,0,78,0,0,24
79,48,0,0,0,0,27,0,31,0,0,0,18,80,66,0,46,0,0,36
54,49,0,0,0,0,60,23,5,0,45,42,9,44,28,0,72,0,0,6
74,29,41,0,0,0,26,62,69,0,21,7,50,19,61,52,53,3,56,65
59,73,76,0,14,40,77,75,38,30,17,25,34,10,71,57,8,16,43,37
33,32,11,22,70,4,68,64,47,63,51,13,2,58,15,39,20,55,12,67
0,0,0,0,0,0,0,0,0,0,0,0,0,0,0,0,0,0,0,0
0,0,0,0,0,0,0,0,0,0,0,0,0,0,0,0,0,0,0,0
0,0,0,0,0,0,0,0,0,0,0,0,0,0,0,0,0,0,0,0
0,0,0,0,0,0,0,0,0,0,0,0,0,0,0,0,0,0,0,0
0,0,0,0,0,0,0,0,0,0,0,0,0,0,0,0,0,0,0,0
0,0,0,0,0,0,0,0,0,0,0,0,0,0,0,0,0,0,0,0
0,0,0,0,0,0,0,0,0,0,0,0,0,0,0,0,0,0,0,0
0,0,0,0,0,0,0,0,0,0,0,0,0,0,0,0,0,0,0,0
0,0,0,0,0,0,0,35,23,0,0,0,0,0,0,0,0,0,0,0
0,0,0,0,0,0,0,27,48,0,0,0,0,0,0,0,0,0,0,0
0,0,0,0,0,0,21,46,44,45,0,0,52,0,0,0,0,0,0,78
1,5,0,0,18,0,24,36,40,31,0,0,49,0,56,0,72,61,0,80
6,7,9,0,25,26,28,43,50,41,54,0,62,42,65,66,69,74,79,77
3,8,10,19,14,29,16,17,30,53,34,37,38,60,59,57,71,73,75,76
2,4,11,12,13,15,20,22,32,33,39,47,51,55,58,63,64,67,68,70
