2003-07-08
0,0,0,0,0,0,0,0,0,0,0,0,0,0,0,0,0,0,0,0
0,0,0,0,0,0,0,0,0,0,0,0,0,0,0,0,0,0,0,0
0,0,0,0,0,0,0,0,0,0,0,0,0,0,0,0,0,0,0,0
0,0,0,0,0,0,0,0,0,0,0,0,0,0,0,0,0,0,0,0
0,0,0,0,0,0,0,0,0,0,0,0,0,0,0,0,0,0,0,0
0,0,0,0,0,0,0,0,0,0,0,0,0,0,0,0,0,0,0,0
0,0,0,0,0,0,0,0,0,0,0,0,0,0,0,0,0,0,0,0
0,0,0,0,0,0,0,0,0,0,0,0,0,0,0,0,0,0,0,0
0,0,0,0,0,0,0,0,0,0,0,0,0,0,0,0,0,0,0,0
0,0,0,0,0,0,0,0,32,0,70,0,0,0,0,0,0,0,0,0
0,0,56,0,0,61,0,0,55,28,22,0,0,0,0,74,0,0,0,0
57,79,9,0,0,19,0,0,43,18,36,48,4,12,0,80,0,23,5,14
63,15,3,25,73,7,20,0,54,27,29,64,51,33,0,37,69,47,17,46
16,53,50,78,6,42,77,24,1,39,44,34,30,31,40,8,76,68,75,11
66,67,10,41,72,49,59,65,26,21,38,62,13,71,52,2,58,45,35,60
0,0,0,0,0,0,0,0,0,0,0,0,0,0,0,0,0,0,0,0
0,0,0,0,0,0,0,0,0,0,0,0,0,0,0,0,0,0,0,0
0,0,0,0,0,0,0,0,0,0,0,0,0,0,0,0,0,0,0,0
0,0,0,0,0,0,0,0,0,0,0,0,0,0,0,0,0,0,0,0
0,0,0,0,0,0,0,0,0,0,0,0,0,0,0,0,0,0,0,0
0,0,0,0,0,0,0,0,0,0,0,0,0,0,0,0,0,0,0,0
0,0,0,0,0,0,0,0,0,0,0,0,0,0,0,0,0,0,0,0
0,0,0,0,0,0,0,0,0,0,0,0,0,0,0,0,0,0,0,0
0,0,0,12,0,0,0,0,0,0,0,0,0,0,0,0,0,0,0,0
0,0,0,18,0,0,0,0,0,0,0,0,0,0,0,0,0,0,0,0
4,0,14,22,0,0,0,0,0,32,0,0,0,0,0,0,69,0,0,79
5,0,9,15,0,19,23,0,33,36,0,43,48,61,0,0,74,0,73,80
3,6,7,20,17,29,28,34,27,40,0,46,56,47,54,51,64,70,68,75
1,8,11,16,25,24,31,30,37,39,55,42,44,50,53,63,57,76,77,78
2,10,13,21,26,35,38,41,45,49,52,58,59,60,62,65,66,67,71,72
0,0,0,0,0,0,0,0,0,0,0,0,0,0,0,0,0,0,0,0
0,0,0,0,0,0,0,0,0,0,0,0,0,0,0,0,0,0,0,0
0,0,0,0,0,0,0,0,0,0,0,0,0,0,0,0,0,0,0,0
0,0,0,0,0,0,0,0,0,0,0,0,0,0,0,0,0,0,0,0
0,0,0,0,0,0,0,0,0,0,0,0,0,0,0,0,0,0,0,0
0,0,0,0,0,0,0,0,0,0,0,0,0,0,0,0,0,0,0,0
0,0,0,0,0,0,0,0,0,0,0,0,0,0,0,0,0,0,0,0
0,0,0,0,0,0,0,0,0,0,0,0,0,0,0,0,0,0,0,0
0,0,0,0,0,0,0,0,32,0,0,0,0,0,0,0,0,0,0,0
0,0,0,0,0,0,0,0,55,0,0,0,0,0,0,0,0,0,0,0
57,0,56,0,0,0,0,0,43,28,0,0,4,12,0,0,0,0,0,0
63,79,9,25,0,61,0,0,54,27,70,0,51,33,0,74,69,0,5,14
16,53,50,78,6,7,20,24,1,39,29,48,30,31,0,80,76,0,75,46
66,67,10,41,72,49,77,65,26,21,38,62,13,71,40,8,58,23,35,60
44,73,34,68,18,2,15,37,36,22,11,47,45,19,64,52,17,42,59,3
0,0,0,0,0,0,0,0,0,0,0,0,0,0,0,0,0,0,0,0
0,0,0,0,0,0,0,0,0,0,0,0,0,0,0,0,0,0,0,0
0,0,0,0,0,0,0,0,0,0,0,0,0,0,0,0,0,0,0,0
0,0,0,0,0,0,0,0,0,0,0,0,0,0,0,0,0,0,0,0
0,0,0,0,0,0,0,0,0,0,0,0,0,0,0,0,0,0,0,0
0,0,0,0,0,0,0,0,0,0,0,0,0,0,0,0,0,0,0,0
0,0,0,0,0,0,0,0,0,0,0,0,0,0,0,0,0,0,0,0
0,0,0,0,0,0,0,0,0,0,0,0,0,0,0,0,0,0,0,0
0,0,0,0,0,0,0,0,0,0,0,0,0,0,0,0,0,0,0,0
0,0,0,0,0,0,0,0,0,0,0,0,0,0,0,0,0,0,0,79
0,0,14,12,0,0,23,0,0,32,0,0,0,0,0,0,69,0,0,80
4,6,9,20,0,29,28,0,0,40,0,43,0,61,54,51,74,70,0,75
5,8,7,16,25,24,31,30,33,39,0,46,48,50,53,63,57,76,77,78
1,10,13,21,26,35,38,41,27,49,55,58,56,60,62,65,66,67,71,72
2,3,11,15,17,18,19,22,34,36,37,42,44,45,47,52,59,64,68,73
