2003-10-24
0,0,0,0,0,0,0,0,0,0,0,0,0,0,0,0,0,0,0,0
0,0,0,0,0,0,0,0,0,0,0,0,0,0,0,0,0,0,0,0
0,0,0,0,0,0,0,0,0,0,0,0,0,0,0,0,0,0,0,0
0,0,0,0,0,0,0,0,0,0,0,0,0,0,0,0,0,0,0,0
0,0,0,0,0,0,0,0,0,0,0,0,0,0,0,0,0,0,0,0
0,0,0,0,0,0,0,0,0,0,0,0,0,0,0,0,0,0,0,0
0,0,0,0,0,0,0,0,0,0,0,0,0,0,0,0,0,0,0,0
0,0,0,0,0,0,0,0,0,0,0,0,0,0,0,0,0,0,0,0
0,0,0,0,0,0,0,0,0,0,0,0,0,0,0,0,0,0,0,0
58,0,0,0,14,0,0,0,0,0,0,0,0,0,0,0,0,0,0,0
2,0,0,0,63,47,0,0,0,0,0,0,65,74,79,0,0,75,0,0
27,0,71,44,53,16,12,0,69,0,0,10,20,70,48,23,0,11,0,15
22,0,45,1,56,13,19,37,49,59,26,28,80,17,62,35,32,55,0,66
25,76,18,73,6,4,24,60,39,72,52,54,46,42,57,5,51,43,0,7
78,30,77,50,31,61,34,29,64,21,9,67,36,68,40,38,8,33,41,3
0,0,0,0,0,0,0,0,0,0,0,0,0,0,0,0,0,0,0,0
0,0,0,0,0,0,0,0,0,0,0,0,0,0,0,0,0,0,0,0
0,0,0,0,0,0,0,0,0,0,0,0,0,0,0,0,0,0,0,0
0,0,0,0,0,0,0,0,0,0,0,0,0,0,0,0,0,0,0,0
0,0,0,0,0,0,0,0,0,0,0,0,0,0,0,0,0,0,0,0
0,0,0,0,0,0,0,0,0,0,0,0,0,0,0,0,0,0,0,0
0,0,0,0,0,0,0,0,0,0,0,0,0,0,0,0,0,0,0,0
0,0,0,0,0,0,0,0,0,0,0,0,0,0,0,0,0,0,0,0
0,0,0,0,0,0,0,0,0,0,0,0,0,0,0,66,0,0,79,0
0,0,0,0,0,0,0,0,0,0,0,0,0,0,0,63,0,0,71,0
0,0,16,0,0,14,0,0,45,0,0,0,0,0,0,62,65,0,74,0
2,0,7,11,15,20,0,0,48,0,32,0,59,0,58,55,69,0,75,72
1,10,13,17,12,22,23,27,28,0,47,37,51,53,49,56,57,0,70,80
4,5,6,18,19,24,25,26,39,44,35,42,43,46,52,54,60,0,73,76
3,8,9,21,29,30,31,33,34,36,38,40,41,50,61,64,67,68,77,78
0,0,0,0,0,0,0,0,0,0,0,0,0,0,0,0,0,0,0,0
0,0,0,0,0,0,0,0,0,0,0,0,0,0,0,0,0,0,0,0
0,0,0,0,0,0,0,0,0,0,0,0,0,0,0,0,0,0,0,0
0,0,0,0,0,0,0,0,0,0,0,0,0,0,0,0,0,0,0,0
0,0,0,0,0,0,0,0,0,0,0,0,0,0,0,0,0,0,0,0
0,0,0,0,0,0,0,0,0,0,0,0,0,0,0,0,0,0,0,0
0,0,0,0,0,0,0,0,0,0,0,0,0,0,0,0,0,0,0,0
0,0,0,0,0,0,0,0,0,0,0,0,0,0,0,0,0,0,0,0
0,0,0,0,0,0,0,0,0,0,0,0,0,0,0,0,0,0,0,0
0,0,0,0,0,0,0,0,0,0,0,0,0,74,0,0,0,0,0,0
2,0,71,44,0,47,0,0,0,0,0,10,20,70,48,0,0,11,0,0
27,0,45,1,63,16,12,0,49,0,0,28,80,17,62,0,0,55,0,66
22,76,18,73,53,13,19,37,39,0,26,54,46,42,57,5,0,43,0,7
25,30,77,50,56,61,34,29,64,72,9,67,36,68,40,38,51,33,41,3
60,24,35,79,65,31,75,23,59,78,14,15,32,8,4,58,52,21,69,6
0,0,0,0,0,0,0,0,0,0,0,0,0,0,0,0,0,0,0,0
0,0,0,0,0,0,0,0,0,0,0,0,0,0,0,0,0,0,0,0
0,0,0,0,0,0,0,0,0,0,0,0,0,0,0,0,0,0,0,0
0,0,0,0,0,0,0,0,0,0,0,0,0,0,0,0,0,0,0,0
0,0,0,0,0,0,0,0,0,0,0,0,0,0,0,0,0,0,0,0
0,0,0,0,0,0,0,0,0,0,0,0,0,0,0,0,0,0,0,0
0,0,0,0,0,0,0,0,0,0,0,0,0,0,0,0,0,0,0,0
0,0,0,0,0,0,0,0,0,0,0,0,0,0,0,66,0,0,0,0
0,0,0,0,0,0,0,0,0,0,0,0,0,0,0,63,0,0,0,0
0,0,0,0,0,0,0,0,45,0,0,0,0,0,0,62,0,0,71,0
0,0,16,0,0,0,0,0,48,0,0,0,0,0,0,55,0,0,74,0
2,0,7,11,12,20,0,27,28,0,0,37,51,53,0,56,0,0,70,72
1,10,13,17,19,22,0,26,39,44,47,42,43,46,49,54,57,0,73,80
3,5,9,18,29,30,25,33,34,36,38,40,41,50,61,64,67,68,77,76
4,6,8,14,15,21,23,24,31,32,35,52,58,59,60,65,69,75,78,79
